% Model:              Micro_homogenous_v2.mph
% Version:            COMSOL 6.2.0.415
% Date:               Jan 30 2025, 12:40
% Dimension:          3
% Nodes:              501
% Expressions:        5
% Description:        Electric field, x-component, Electric field, y-component, Electric field, z-component, Electric potential, 
% Length unit:        m
% x                       y                        z                        ec.Ex (V/m)              ec.Ey (V/m)              ec.Ez (V/m)              V (V)                    d(ec.Ex,x) (V/m^2)
0                         1.18E-4                  8.099999999999999E-5     0.012679690275092526     25.617633777782977       17.545077028016408       0.0031743639452690674    201443.2600325942
1.0E-6                    1.18E-4                  8.099999999999999E-5     0.21412295030751238      25.607578366317206       17.536503097236817       0.003174250543948777     201443.2600325942
2.0E-6                    1.18E-4                  8.099999999999999E-5     0.4155662103401596       25.597522954851662       17.5279291664571         0.0031739356993684513    201443.2600325942
3.0E-6                    1.18E-4                  8.099999999999999E-5     0.6170094703726932       25.58746754338589        17.519355235677295       0.0031734194115280953    201443.2600325942
4.0E-6                    1.18E-4                  8.099999999999999E-5     0.8184527304053759       25.577412131920113       17.51078130489782        0.0031727016804277064    201443.2600325942
4.9999999999999996E-6     1.18E-4                  8.099999999999999E-5     1.0198959904379343       25.567356720454452       17.502207374118115       0.003171782506067285     201443.2600325942
6.0E-6                    1.18E-4                  8.099999999999999E-5     1.207809369172253        25.57151115202737        17.488905921034945       0.0031706839674904754    219539.44386577606
7.0E-6                    1.18E-4                  8.099999999999999E-5     1.4273488130379661       25.53073633475097        17.485433595552212       0.0031693663883993715    219539.44386577606
8.0E-6                    1.18E-4                  8.099999999999999E-5     1.6468882569038783       25.489961517474526       17.48196127006951        0.0031678292698644       219539.44386577606
9.0E-6                    1.18E-4                  8.099999999999999E-5     1.866427700769563        25.44918670019817        17.478488944586925       0.003166072611885564     219539.44386577606
9.999999999999999E-6      1.18E-4                  8.099999999999999E-5     2.0460352016587677       25.37155879833489        17.426774455002132       0.0031640979871172432    196999.30698223598
1.1E-5                    1.18E-4                  8.099999999999999E-5     2.5662141624436714       25.361689732174383       17.427353379248533       0.0031619400914397436    167848.59928986803
1.2E-5                    1.18E-4                  8.099999999999999E-5     2.605709815769103        25.37645172327666        17.46233865635577        0.0031593689757010443    207133.2200113535
1.3E-5                    1.18E-4                  8.099999999999999E-5     2.812843035780247        25.327346713508348       17.41713222275358        0.0031566596992752697    207133.2200113535
1.4E-5                    1.18E-4                  8.099999999999999E-5     3.0199762557917893       25.278241703740008       17.37192578915154        0.0031537432896294837    207133.2200113535
1.4999999999999999E-5     1.18E-4                  8.099999999999999E-5     3.2271094758030756       25.22913669397161        17.326719355549372       0.003150619746763686     207133.2200113535
1.6E-5                    1.18E-4                  8.099999999999999E-5     3.434242695814447        25.180031684203243       17.281512921947275       0.0031472890706778773    207133.2200113535
1.7E-5                    1.18E-4                  8.099999999999999E-5     3.6413759158258046       25.130926674434917       17.236306488345164       0.0031437512613720574    207133.2200113535
1.8E-5                    1.18E-4                  8.099999999999999E-5     3.8485091358371406       25.081821664666684       17.191100054743075       0.003140006318846226     207133.2200113535
1.8999999999999998E-5     1.18E-4                  8.099999999999999E-5     3.9374876337544293       24.787951904023558       17.171556163232324       0.0031360693245908794    195892.66685404442
1.9999999999999998E-5     1.18E-4                  8.099999999999999E-5     4.133380300608707        24.72617269948624        17.141985097263017       0.003132033890623698     195892.66685404442
2.1E-5                    1.18E-4                  8.099999999999999E-5     4.4705516113782835       24.797096710575424       16.860622786622855       0.003127729573202845     190712.141103521
2.2E-5                    1.18E-4                  8.099999999999999E-5     4.6612637524820855       24.71984221216361        16.82589070603656        0.0031231636655209153    190712.141103521
2.3E-5                    1.18E-4                  8.099999999999999E-5     4.843609443504164        24.63854689682816        16.782388178952395       0.003118408168922718     169011.66200713813
2.4E-5                    1.18E-4                  8.099999999999999E-5     5.012621105511144        24.556648805322954       16.73055255421734        0.003113480053648209     169011.66200713813
2.4999999999999998E-5     1.18E-4                  8.099999999999999E-5     5.208100462768183        24.422999982746997       16.759804990761644       0.003108381354549096     159474.9018905498
2.6E-5                    1.18E-4                  8.099999999999999E-5     5.33200332636641         24.458817701512785       16.841830153115545       0.003103086702286987     188288.87860488147
2.7E-5                    1.18E-4                  8.099999999999999E-5     5.520292204971213        24.347978500647955       16.769089708524035       0.003097660554521318     188288.87860488147
2.8E-5                    1.18E-4                  8.099999999999999E-5     5.708581083576135        24.237139299783394       16.696349263932923       0.003092046117877043     188288.87860488147
2.9E-5                    1.18E-4                  8.099999999999999E-5     5.8968699621811          24.126300098918506       16.623608819341413       0.0030862433923541633    188288.87860488147
2.9999999999999997E-5     1.18E-4                  8.099999999999999E-5     6.0851588407858515       24.015460898053732       16.550868374750003       0.0030802523779526808    188288.87860488147
3.1E-5                    1.18E-4                  8.099999999999999E-5     6.273447719390788        23.904621697188844       16.47812793015856        0.003074073074672593     188288.87860488147
3.2E-5                    1.18E-4                  8.099999999999999E-5     6.4617365979956105       23.79378249632404        16.40538748556765        0.0030677054825138995    188288.87860488147
3.2999999999999996E-5     1.18E-4                  8.099999999999999E-5     6.650025476600575        23.68294329545941        16.332647040976177       0.003061149601476601     188288.87860488147
3.4E-5                    1.18E-4                  8.099999999999999E-5     6.838314355205483        23.572104094594494       16.25990659638486        0.0030544054315606974    188288.87860488147
3.5E-5                    1.18E-4                  8.099999999999999E-5     7.02660323381042         23.461264893729833       16.187166151793605       0.0030474729727661886    188288.87860488147
3.6E-5                    1.18E-4                  8.099999999999999E-5     7.093138541461357        23.37169105223427        16.175794783516608       0.0030404315772557824    175437.32248248905
3.7E-5                    1.18E-4                  8.099999999999999E-5     7.268575863943909        23.24113668193371        16.057776772826912       0.003033250720053081     175437.32248248905
3.7999999999999995E-5     1.18E-4                  8.099999999999999E-5     7.444013186426346        23.110582311632868       15.939758762136748       0.0030258944255278945    175437.32248248905
3.9E-5                    1.18E-4                  8.099999999999999E-5     7.632086911107706        22.99930334734384        15.832543726121344       0.0030183565620848438    147057.8353098184
3.9999999999999996E-5     1.18E-4                  8.099999999999999E-5     7.779144746417586        22.887221654120395       15.746331879459355       0.0030106509462560806    147057.8353098184
4.1E-5                    1.18E-4                  8.099999999999999E-5     7.956524403562696        22.784004904332434       15.604003201764897       0.0030027708721373134    133447.07296776772
4.2E-5                    1.18E-4                  8.099999999999999E-5     8.089971476530565        22.647647497625243       15.518288947739968       0.0029947476241972662    133447.07296776772
4.2999999999999995E-5     1.18E-4                  8.099999999999999E-5     8.223418549498192        22.51129009091779        15.432574693715136       0.0029865909291842507    133447.07296776772
4.4E-5                    1.18E-4                  8.099999999999999E-5     8.356865622466046        22.374932684210435       15.346860439690383       0.00297830078709827      133447.07296776772
4.4999999999999996E-5     1.18E-4                  8.099999999999999E-5     8.490312695433815        22.238575277503134       15.261146185665519       0.002969877197939319     133447.07296776772
4.6E-5                    1.18E-4                  8.099999999999999E-5     8.623759768401605        22.10221787079578        15.17543193164067        0.0029613201617074017    133447.07296776772
4.7E-5                    1.18E-4                  8.099999999999999E-5     8.757206841369467        21.96586046408843        15.089717677615898       0.0029526296784025156    133447.07296776772
4.8E-5                    1.18E-4                  8.099999999999999E-5     8.890653914337122        21.829503057381018       15.0040034235911         0.002943805748024663     133447.07296776772
4.9E-5                    1.18E-4                  8.099999999999999E-5     9.025752218647995        21.688573970658005       14.917003958126315       0.002934847878540173     107034.39702646993
4.9999999999999996E-5     1.18E-4                  8.099999999999999E-5     9.132786615674519        21.539596033177048       14.813251632012367       0.002925768609123012     107034.39702646993
5.1E-5                    1.18E-4                  8.099999999999999E-5     9.239821012700943        21.390618095696112       14.709499305898532       0.0029165823053088247    107034.39702646993
5.2E-5                    1.18E-4                  8.099999999999999E-5     9.346855409727524        21.24164015821522        14.605746979784556       0.002907288967097609     107034.39702646993
5.3E-5                    1.18E-4                  8.099999999999999E-5     9.453889806753821        21.092662220734283       14.501994653670806       0.00289788859448937      107034.39702646993
5.4E-5                    1.18E-4                  8.099999999999999E-5     9.560924203780417        20.94368428325322        14.398242327556801       0.002888381187484103     107034.39702646993
5.4999999999999995E-5     1.18E-4                  8.099999999999999E-5     9.627974728152026        20.76091510934204        14.286487679568864       0.002878773964257758     91361.78128717095
5.6E-5                    1.18E-4                  8.099999999999999E-5     9.835094312181496        20.7501210868848         14.245596918240238       0.002868989688167907     91570.29187487904
5.6999999999999996E-5     1.18E-4                  8.099999999999999E-5     9.926664604056505        20.591197458531482       14.140539305562072       0.002859108808709787     91570.29187487904
5.8E-5                    1.18E-4                  8.099999999999999E-5     10.01823489593147        20.432273830178417       14.035481692883792       0.002849136358959794     91570.29187487904
5.9E-5                    1.18E-4                  8.099999999999999E-5     10.109805187806245       20.27335020182524        13.93042408020574        0.0028390723389179248    91570.29187487904
5.9999999999999995E-5     1.18E-4                  8.099999999999999E-5     10.20137547968114        20.114426573472176       13.825366467527545       0.0028289167485841807    91570.29187487904
6.1E-5                    1.18E-4                  8.099999999999999E-5     10.29294577155597        19.95550294511901        13.720308854849364       0.002818669587958563     91570.29187487904
6.2E-5                    1.18E-4                  8.099999999999999E-5     10.384516063430945       19.796579316765843       13.615251242171205       0.002808330857041069     91570.29187487904
6.3E-5                    1.18E-4                  8.099999999999999E-5     10.476086355305757       19.637655688412572       13.510193629493052       0.002797900555831701     91570.29187487904
6.4E-5                    1.18E-4                  8.099999999999999E-5     10.567656647180613       19.478732060059514       13.405136016814952       0.0027873786843304587    91570.29187487904
6.5E-5                    1.18E-4                  8.099999999999999E-5     10.659226939055497       19.319808431706363       13.300078404136826       0.0027767652425373397    91570.29187487904
6.599999999999999E-5      1.18E-4                  8.099999999999999E-5     10.750797230930345       19.16088480335319        13.195020791458546       0.002766060230452347     91570.29187487904
6.7E-5                    1.18E-4                  8.099999999999999E-5     10.842367522805228       19.001961175000115       13.08996317878028        0.0027552636480754787    91570.29187487904
6.8E-5                    1.18E-4                  8.099999999999999E-5     10.936641317130977       18.841815971855176       12.987486925319113       0.0027443753049462773    93682.83051300049
6.9E-5                    1.18E-4                  8.099999999999999E-5     11.030324147643825       18.686195544061484       12.875107985227523       0.002733391822213888     93682.83051300049
7.0E-5                    1.18E-4                  8.099999999999999E-5     10.976266959261181       18.567320672154782       12.750429341992307       0.0027223177331016047    56162.213479831815
7.099999999999999E-5      1.18E-4                  8.099999999999999E-5     11.032429172741217       18.396326233352653       12.632380501418368       0.0027113133850356023    56162.213479831815
7.2E-5                    1.18E-4                  8.099999999999999E-5     11.151023677084169       18.227967357992142       12.462199089278485       0.002700215783291729     42430.86186425388
7.3E-5                    1.18E-4                  8.099999999999999E-5     11.193454538948373       18.064669265991935       12.342107489643936       0.0026890435441837136    42430.86186425388
7.4E-5                    1.18E-4                  8.099999999999999E-5     11.235885400812684       17.901371173991834       12.222015890009807       0.0026778288742138326    42430.86186425388
7.5E-5                    1.18E-4                  8.099999999999999E-5     11.278316262676984       17.7380730819917         12.101924290375242       0.002666571773382087     42430.86186425388
7.599999999999999E-5      1.18E-4                  8.099999999999999E-5     11.3207471245412         17.574774989991653       11.98183269074135        0.0026552722416884776    42430.86186425388
7.7E-5                    1.18E-4                  8.099999999999999E-5     11.391954883492687       17.491861011765266       12.014698877735071       0.0026439217718136235    55597.9801580254
7.8E-5                    1.18E-4                  8.099999999999999E-5     11.447552863650756       17.344245091585535       11.911434055240235       0.002632502017940051     55597.9801580254
7.9E-5                    1.18E-4                  8.099999999999999E-5     11.503150843808783       17.196629171405917       11.808169232745314       0.002621026666086321     55597.9801580254
7.999999999999999E-5      1.18E-4                  8.099999999999999E-5     11.558748823966823       17.04901325122634        11.704904410250464       0.0026094957162524344    55597.9801580254
8.099999999999999E-5      1.18E-4                  8.099999999999999E-5     11.61434680412485        16.90139733104664        11.601639587755585       0.002597909168438389     55597.9801580254
8.2E-5                    1.18E-4                  8.099999999999999E-5     11.669944784282904       16.753781410866907       11.498374765260863       0.002586267022644184     55597.9801580254
8.3E-5                    1.18E-4                  8.099999999999999E-5     11.725542764440917       16.606165490687317       11.395109942765771       0.0025745692788698227    55597.9801580254
8.4E-5                    1.18E-4                  8.099999999999999E-5     11.781140744599014       16.458549570507614       11.29184512027092        0.0025628159371153016    55597.9801580254
8.499999999999999E-5      1.18E-4                  8.099999999999999E-5     11.766277463822945       16.292204473403437       11.19608401727487        0.0025510278914144986    26442.35604312271
8.599999999999999E-5      1.18E-4                  8.099999999999999E-5     11.691261009777477       16.12321314755036        10.986793785484773       0.002539298773445149     26755.431945117656
8.7E-5                    1.18E-4                  8.099999999999999E-5     11.718016441722682       15.990202318343279       10.900958007862565       0.0025275941347194       26755.431945117656
8.8E-5                    1.18E-4                  8.099999999999999E-5     11.744771873667887       15.857191489136142       10.815122230240418       0.002515862740561703     26755.431945117656
8.9E-5                    1.18E-4                  8.099999999999999E-5     11.87460757266852        15.664689591938384       10.740472481205444       0.0025040489347181957    6449.01685291063
8.999999999999999E-5      1.18E-4                  8.099999999999999E-5     11.881056589521442       15.526036790406092       10.648095590501562       0.0024921711026371003    6449.01685291063
9.099999999999999E-5      1.18E-4                  8.099999999999999E-5     11.887505606374242       15.3873839888738         10.555718699797502       0.0024802868215391526    6449.01685291063
9.2E-5                    1.18E-4                  8.099999999999999E-5     11.893954623227184       15.248731187341473       10.463341809093606       0.0024683960914243523    6449.01685291063
9.3E-5                    1.18E-4                  8.099999999999999E-5     11.900403640080112       15.110078385809167       10.370964918389575       0.002456498912292698     6449.01685291063
9.4E-5                    1.18E-4                  8.099999999999999E-5     11.90685265693299        14.97142558427685        10.27858802768555        0.002444595284144192     6449.01685291063
9.499999999999999E-5      1.18E-4                  8.099999999999999E-5     11.913301673785899       14.832772782744376       10.186211136981505       0.0024326852069788325    6449.01685291063
9.6E-5                    1.18E-4                  8.099999999999999E-5     11.919750690638747       14.69411998121225        10.093834246277595       0.0024207686807966203    6449.01685291063
9.7E-5                    1.18E-4                  8.099999999999999E-5     11.91822819788382        14.584583772744352       10.028913070052994       0.0024088527961954667    14331.019847027957
9.8E-5                    1.18E-4                  8.099999999999999E-5     11.93255921773084        14.437410375720518       9.922519904360271        0.0023969274024876596    14331.019847027957
9.9E-5                    1.18E-4                  8.099999999999999E-5     11.946890237577804       14.290236978696726       9.816126738667379        0.0023849876777600055    14331.019847027957
9.999999999999999E-5      1.18E-4                  8.099999999999999E-5     11.961221257424825       14.143063581672777       9.709733572974486        0.0023730336220125032    14331.019847027957
1.01E-4                   1.18E-4                  8.099999999999999E-5     11.98277002360058        13.997596467197667       9.602365248345336        0.0023610630214804884    4646.586134213954
1.02E-4                   1.18E-4                  8.099999999999999E-5     12.035460760059635       13.78390979094992        9.481656394974362        0.0023490420886155155    8528.480046123266
1.03E-4                   1.18E-4                  8.099999999999999E-5     11.908368577923707       13.680082785777609       9.391095130360657        0.0023370456888669026    -14837.782941756654
1.04E-4                   1.18E-4                  8.099999999999999E-5     11.943199762339546       13.5506013631461         9.318958548945332        0.0023251392022875105    -4546.452443733811
1.0499999999999999E-4     1.18E-4                  8.099999999999999E-5     11.938653309895898       13.421340826239835       9.227431920805252        0.002313198275751393     -4546.452443733811
1.06E-4                   1.18E-4                  8.099999999999999E-5     11.934106857452115       13.292080289333516       9.135905292665061        0.0023012618956677186    -4546.452443733811
1.07E-4                   1.18E-4                  8.099999999999999E-5     11.92956040500841        13.162819752427318       9.04437866452487         0.0022893300620364892    -4546.452443733811
1.08E-4                   1.18E-4                  8.099999999999999E-5     11.925013952564747       13.033559215521183       8.952852036384808        0.0022774027748577023    -4546.452443733811
1.0899999999999999E-4     1.18E-4                  8.099999999999999E-5     11.92046750012097        12.904298678614918       8.861325408244536        0.002265480034131359     -4546.452443733811
1.0999999999999999E-4     1.18E-4                  8.099999999999999E-5     11.915921047677259       12.775038141708723       8.76979878010426         0.0022535618398574603    -4546.452443733811
1.11E-4                   1.18E-4                  8.099999999999999E-5     11.896437763451816       12.646804267648951       8.694928985909737        0.0022416495496848706    -13708.217263884842
1.12E-4                   1.18E-4                  8.099999999999999E-5     11.882729546187967       12.514707557653214       8.607856339294539        0.002229759966030052     -13708.217263884842
1.13E-4                   1.18E-4                  8.099999999999999E-5     11.869021328923921       12.382610847657332       8.520783692679188        0.0022178840905924956    -13708.217263884842
1.1399999999999999E-4     1.18E-4                  8.099999999999999E-5     11.85531311166011        12.250514137661597       8.433711046064087        0.0022060219233722045    -13708.217263884842
1.1499999999999999E-4     1.18E-4                  8.099999999999999E-5     11.841604894396184       12.118417427665676       8.346638399448779        0.002194173464369175     -13708.217263884842
1.16E-4                   1.18E-4                  8.099999999999999E-5     11.821521929307735       11.985455503465474       8.257140277857001        0.002182338829204607     -33431.185236971825
1.17E-4                   1.18E-4                  8.099999999999999E-5     11.824902933390012       11.900570293874491       8.151439180943441        0.0021705208379921934    -32519.634946897626
1.18E-4                   1.18E-4                  8.099999999999999E-5     11.79238329844313        11.778295030408865       8.068343803391562        0.002158712194876276     -32519.634946897626
1.1899999999999999E-4     1.18E-4                  8.099999999999999E-5     11.759863663496152       11.656019766943238       7.985248425839577        0.0021469360713953067    -32519.634946897626
1.1999999999999999E-4     1.18E-4                  8.099999999999999E-5     11.727344028549254       11.533744503477443       7.902153048287769        0.002135192467549284     -32519.634946897626
1.21E-4                   1.18E-4                  8.099999999999999E-5     11.694824393602396       11.411469240011812       7.819057670735809        0.002123481383338208     -32519.634946897626
1.22E-4                   1.18E-4                  8.099999999999999E-5     11.662304758655416       11.289193976546215       7.7359622931838175       0.002111802818762079     -32519.634946897626
1.2299999999999998E-4     1.18E-4                  8.099999999999999E-5     11.62978512370858        11.166918713080577       7.652866915631975        0.0021001567738208977    -32519.634946897626
1.24E-4                   1.18E-4                  8.099999999999999E-5     11.597265488761714       11.044643449614895       7.569771538080047        0.0020885432485146624    -32519.634946897626
1.25E-4                   1.18E-4                  8.099999999999999E-5     11.564745853814756       10.922368186149242       7.486676160528106        0.002076962242843374     -32519.634946897626
1.26E-4                   1.18E-4                  8.099999999999999E-5     11.54754142559625        10.819591937086983       7.420825784830853        0.0020654076435544905    -18052.494516508654
1.27E-4                   1.18E-4                  8.099999999999999E-5     11.529488931079754       10.71281976562527        7.349440254578127        0.0020538691283761524    -18052.494516508654
1.28E-4                   1.18E-4                  8.099999999999999E-5     11.511436436563102       10.606047594163385       7.278054724325308        0.0020423486656923314    -18052.494516508654
1.29E-4                   1.18E-4                  8.099999999999999E-5     11.496188276949624       10.498369720875012       7.206729264160391        0.00203084562934869      -35352.12525403872
1.3E-4                    1.18E-4                  8.099999999999999E-5     11.46083615169562        10.398219657171055       7.136328099324555        0.0020193671171343675    -35352.12525403872
1.3099999999999999E-4     1.18E-4                  8.099999999999999E-5     11.42548402644156        10.29806959346731        7.065926934488862        0.002007923957045299     -35352.12525403872
1.3199999999999998E-4     1.18E-4                  8.099999999999999E-5     11.39013190118765        10.197919529763595       6.995525769653041        0.0019965161490814844    -35352.12525403872
1.33E-4                   1.18E-4                  8.099999999999999E-5     11.354779775933485       10.097769466059695       6.92512460481737         0.001985143693242924     -35352.12525403872
1.34E-4                   1.18E-4                  8.099999999999999E-5     11.319427650679454       9.99761940235592         6.854723439981599        0.0019738065895296172    -35352.12525403872
1.35E-4                   1.18E-4                  8.099999999999999E-5     11.284075525425445       9.897469338652105        6.784322275145911        0.001962504837941565     -35352.12525403872
1.36E-4                   1.18E-4                  8.099999999999999E-5     11.252124579183018       9.783869196270189        6.703961736103523        0.0019512365471425945    -34684.8366012685
1.37E-4                   1.18E-4                  8.099999999999999E-5     11.217439742581817       9.68081711543158         6.63124840013063         0.0019400017649817114    -34684.8366012685
1.38E-4                   1.18E-4                  8.099999999999999E-5     11.182754905980552       9.577765034592915        6.558535064157326        0.0019288016676574306    -34684.8366012685
1.39E-4                   1.18E-4                  8.099999999999999E-5     11.148070069379255       9.47471295375449         6.485821728184874        0.0019176362551697507    -34684.8366012685
1.4E-4                    1.18E-4                  8.099999999999999E-5     11.106265086504862       9.373454564813693        6.425337990894306        0.001906508598933739     -39211.92637613416
1.4099999999999998E-4     1.18E-4                  8.099999999999999E-5     11.063963838511064       9.27717345032049         6.356029763909447        0.0018954254346730257    -36985.2427827809
1.4199999999999998E-4     1.18E-4                  8.099999999999999E-5     11.026978595728494       9.18248026785038         6.2899497946688925       0.0018843799634559065    -36985.2427827809
1.43E-4                   1.18E-4                  8.099999999999999E-5     10.989993352945554       9.087787085380313        6.223869825428395        0.0018733714774815688    -36985.2427827809
1.44E-4                   1.18E-4                  8.099999999999999E-5     10.95728639270746        9.00449142089051         6.155399702312016        0.0018623960439666872    -37553.945395968854
1.45E-4                   1.18E-4                  8.099999999999999E-5     10.919732447311524       8.907774852482511        6.092274518700737        0.0018514575345466777    -37553.945395968854
1.46E-4                   1.18E-4                  8.099999999999999E-5     10.88217850191559        8.811058284074484        6.02914933508962         0.0018405565790720643    -37553.945395968854
1.47E-4                   1.18E-4                  8.099999999999999E-5     10.84462455651962        8.714341715666386        5.966024151478521        0.0018296931775428464    -37553.945395968854
1.48E-4                   1.18E-4                  8.099999999999999E-5     10.807070611123649       8.61762514725828         5.902898967867387        0.0018188673299590252    -37553.945395968854
1.49E-4                   1.18E-4                  8.099999999999999E-5     10.769516665727693       8.520908578850324        5.839773784256238        0.0018080790363205995    -37553.945395968854
1.5E-4                    1.18E-4                  8.099999999999999E-5     10.731962720331751       8.424192010442269        5.776648600645103        0.0017973282966275701    -37553.945395968854
1.5099999999999998E-4     1.18E-4                  8.099999999999999E-5     10.679758298857607       8.333733813410383        5.715642194752292        0.0017866222606116849    -52162.27428858355
1.5199999999999998E-4     1.18E-4                  8.099999999999999E-5     10.627596024569058       8.242448796800403        5.654819083844542        0.0017759685834499712    -52162.27428858355
1.53E-4                   1.18E-4                  8.099999999999999E-5     10.575433750280517       8.151163780190398        5.593995972936849        0.0017653670685625464    -52162.27428858355
1.54E-4                   1.18E-4                  8.099999999999999E-5     10.523271475991901       8.059878763580336        5.533172862029161        0.0017548177159494105    -52162.27428858355
1.55E-4                   1.18E-4                  8.099999999999999E-5     10.489339293507161       7.9856770269379105       5.482547227634726        0.0017443097634501933    -37609.08769967558
1.56E-4                   1.18E-4                  8.099999999999999E-5     10.451730205807396       7.907473224341786        5.429120389982761        0.0017338392287005358    -37609.08769967558
1.57E-4                   1.18E-4                  8.099999999999999E-5     10.414121118107804       7.829269421745659        5.3756935523310165       0.0017234063030385782    -37609.08769967558
1.58E-4                   1.18E-4                  8.099999999999999E-5     10.376512030408099       7.751065619149403        5.32226671467913         0.0017130109864643202    -37609.08769967558
1.59E-4                   1.18E-4                  8.099999999999999E-5     10.338902942708406       7.672861816553347        5.2688398770274425       0.001702653278977762     -37609.08769967558
1.5999999999999999E-4     1.18E-4                  8.099999999999999E-5     10.30129385500873        7.594658013957247        5.215413039375556        0.0016923331805789037    -37609.08769967558
1.6099999999999998E-4     1.18E-4                  8.099999999999999E-5     10.263684767309039       7.516454211361042        5.161986201723726        0.001682050691267745     -37609.08769967558
1.6199999999999998E-4     1.18E-4                  8.099999999999999E-5     10.22607567960942        7.438250408765011        5.108559364071869        0.0016718058110442853    -37609.08769967558
1.63E-4                   1.18E-4                  8.099999999999999E-5     10.188686763387196       7.3599367630223504       5.054740209915172        0.0016615985111794705    -44438.45722610131
1.64E-4                   1.18E-4                  8.099999999999999E-5     10.138223863624418       7.282263683109731        5.018851717738272        0.0016514396764992292    -47665.36704560276
1.65E-4                   1.18E-4                  8.099999999999999E-5     10.09055849657873        7.207374960889052        4.964839293091529        0.0016413252853191283    -47665.36704560276
1.66E-4                   1.18E-4                  8.099999999999999E-5     10.042893129533162       7.132486238668365        4.910826868445           0.0016312585595060721    -47665.36704560276
1.67E-4                   1.18E-4                  8.099999999999999E-5     9.99522776248757         7.057597516447705        4.8568144437983705       0.0016212394990600615    -47665.36704560276
1.68E-4                   1.18E-4                  8.099999999999999E-5     9.947562395442002        6.982708794227065        4.802802019151883        0.0016112681039810969    -47665.36704560276
1.69E-4                   1.18E-4                  8.099999999999999E-5     9.899897028396396        6.907820072006367        4.74878959450524         0.0016013443742691773    -47665.36704560276
1.6999999999999999E-4     1.18E-4                  8.099999999999999E-5     9.852231661350817        6.8329313497857065       4.694777169858707        0.0015914683099243045    -47665.36704560276
1.7099999999999998E-4     1.18E-4                  8.099999999999999E-5     9.804566294305138        6.758042627565018        4.640764745212007        0.0015816399109464766    -47665.36704560276
1.7199999999999998E-4     1.18E-4                  8.099999999999999E-5     9.768656709478535        6.706811655462211        4.608562211959907        0.0015718554976521782    -41475.59224849939
1.73E-4                   1.18E-4                  8.099999999999999E-5     9.727181117230145        6.639288203216515        4.561489441066243        0.0015621075787388239    -41475.59224849939
1.74E-4                   1.18E-4                  8.099999999999999E-5     9.677616326346552        6.57354085854584         4.512891766925826        0.0015524035231703544    -40219.78677754011
1.75E-4                   1.18E-4                  8.099999999999999E-5     9.637396539569082        6.511351341380532        4.467554559191775        0.0015427460167373964    -40219.78677754011
1.76E-4                   1.18E-4                  8.099999999999999E-5     9.600191443773447        6.442758973474236        4.417744420919554        0.0015331276827442615    -39480.92459930107
1.77E-4                   1.18E-4                  8.099999999999999E-5     9.560710519174037        6.378890749731431        4.370871491123758        0.0015235472317627883    -39480.92459930107
1.78E-4                   1.18E-4                  8.099999999999999E-5     9.521229594574763        6.315022525988507        4.32399856132794         0.0015140062617059126    -39480.92459930107
1.79E-4                   1.18E-4                  8.099999999999999E-5     9.461878987525978        6.246781724752225        4.29031022698166         0.0015045176199955286    -46625.486876666546
1.7999999999999998E-4     1.18E-4                  8.099999999999999E-5     9.421160574777335        6.187224151269302        4.243741608834519        0.001495076350942776     -44200.52219236735
1.8099999999999998E-4     1.18E-4                  8.099999999999999E-5     9.376960052585083        6.122002943798869        4.200385437109087        0.0014856772906290954    -44200.52219236735
1.8199999999999998E-4     1.18E-4                  8.099999999999999E-5     9.33275953039275         6.0567817363283964       4.1570292653835565       0.0014763224308376062    -44200.52219236735
1.83E-4                   1.18E-4                  8.099999999999999E-5     9.295563336647735        5.99580548528801         4.116403195733632        0.001467006283812218     -44339.82079479378
1.84E-4                   1.18E-4                  8.099999999999999E-5     9.251223515852928        5.936492157527894        4.0756263462827285       0.0014577328903859679    -44339.82079479378
1.85E-4                   1.18E-4                  8.099999999999999E-5     9.206883695058119        5.877178829767729        4.034849496831892        0.0014485038367805121    -44339.82079479378
1.86E-4                   1.18E-4                  8.099999999999999E-5     9.162543874263307        5.817865502007685        3.994072647381003        0.0014393191229958517    -44339.82079479378
1.87E-4                   1.18E-4                  8.099999999999999E-5     9.118204053468512        5.75855217424748         3.9532957979301386       0.001430178749031986     -44339.82079479378
1.88E-4                   1.18E-4                  8.099999999999999E-5     9.073864232673731        5.699238846487486        3.9125189484792315       0.0014210827148889152    -44339.82079479378
1.8899999999999999E-4     1.18E-4                  8.099999999999999E-5     9.02952441187896         5.639925518727324        3.8717420990284026       0.0014120310205666385    -44339.82079479378
1.8999999999999998E-4     1.18E-4                  8.099999999999999E-5     8.985184591084153        5.580612190967123        3.8309652495774955       0.0014030236660651566    -44339.82079479378
1.9099999999999998E-4     1.18E-4                  8.099999999999999E-5     8.940844770289367        5.521298863207122        3.7901884001266097       0.0013940606513844704    -44339.82079479378
1.92E-4                   1.18E-4                  8.099999999999999E-5     8.896504949494517        5.461985535447035        3.7494115506757666       0.001385141976524578     -44339.82079479378
1.93E-4                   1.18E-4                  8.099999999999999E-5     8.847649570701606        5.39952897570214         3.7131991046514656       0.0013762701552542677    -47604.564798820764
1.94E-4                   1.18E-4                  8.099999999999999E-5     8.83058671424719         5.374471866261814        3.687458393121773        0.0013674216944768672    -40697.984732165
1.95E-4                   1.18E-4                  8.099999999999999E-5     8.789821800903319        5.317618386073605        3.65240474548963         0.0013586114784423157    -40448.53318282217
1.96E-4                   1.18E-4                  8.099999999999999E-5     8.710025247230199        5.2607513085972215       3.6019426476011382       0.0013498683686936413    -38131.887415702455
1.97E-4                   1.18E-4                  8.099999999999999E-5     8.671893359814497        5.211108820573166        3.570064467440961        0.0013411774093901195    -38131.887415702455
1.98E-4                   1.18E-4                  8.099999999999999E-5     8.633761472398731        5.161466332549054        3.5381862872808014       0.001332524581974013     -38131.887415702455
1.9899999999999999E-4     1.18E-4                  8.099999999999999E-5     8.605138772529369        5.094179221251521        3.5108967234416153       0.0013239091907534441    -41983.224387930706
1.9999999999999998E-4     1.18E-4                  8.099999999999999E-5     8.563155548141506        5.046882918355152        3.4775118875405457       0.0013153250435931094    -41983.224387930706
2.0099999999999998E-4     1.18E-4                  8.099999999999999E-5     8.521172323753524        4.999586615458735        3.4441270516396116       0.0013067828796571616    -41983.224387930706
2.02E-4                   1.18E-4                  8.099999999999999E-5     8.479189099365612        4.952290312562376        3.4107422157384875       0.001298282698945602     -41983.224387930706
2.03E-4                   1.18E-4                  8.099999999999999E-5     8.4372058749777          4.904994009665941        3.3773573798374734       0.0012898245014584303    -41983.224387930706
2.04E-4                   1.18E-4                  8.099999999999999E-5     8.395222650589716        4.857697706769528        3.3439725439364416       0.0012814082871956463    -41983.224387930706
2.05E-4                   1.18E-4                  8.099999999999999E-5     8.353239426201846        4.810401403873136        3.3105877080354347       0.0012730340561572504    -41983.224387930706
2.06E-4                   1.18E-4                  8.099999999999999E-5     8.311256201813855        4.763105100976787        3.2772028721343744       0.0012647018083432428    -41983.224387930706
2.07E-4                   1.18E-4                  8.099999999999999E-5     8.269272977426013        4.71580879808036         3.2438180362333497       0.001256411543753623     -41983.224387930706
2.08E-4                   1.18E-4                  8.099999999999999E-5     8.227289753037994        4.668512495183975        3.21043320033219         0.0012481632623883914    -41983.224387930706
2.0899999999999998E-4     1.18E-4                  8.099999999999999E-5     8.188886512910814        4.620526476685388        3.174589545632129        0.0012399559191249828    -45370.63726383672
2.0999999999999998E-4     1.18E-4                  8.099999999999999E-5     8.150486769563997        4.576175746400537        3.1471600225194543       0.0012317856221922422    -41589.058948960155
2.1099999999999998E-4     1.18E-4                  8.099999999999999E-5     8.108897710615054        4.533308686927214        3.1180290721594517       0.001223655929952153     -41589.058948960155
2.12E-4                   1.18E-4                  8.099999999999999E-5     8.066063425835523        4.490082912664505        3.0815288186892786       0.0012155680628803383    -42444.52181294374
2.13E-4                   1.18E-4                  8.099999999999999E-5     8.023618904022591        4.44689137222025         3.049322992925674        0.0012075232217154095    -42444.52181294374
2.14E-4                   1.18E-4                  8.099999999999999E-5     7.981174382209659        4.403699831776031        3.017117167161988        0.0011995208250722932    -42444.52181294374
2.15E-4                   1.18E-4                  8.099999999999999E-5     7.950105820758992        4.370017541002241        2.997639417643981        0.0011915608311947852    -40732.88115525991
2.16E-4                   1.18E-4                  8.099999999999999E-5     7.894970534875291        4.31269902342968         2.9617117609338806       0.0011836394481961564    -33968.1998733012
2.17E-4                   1.18E-4                  8.099999999999999E-5     7.8702290416073595       4.284560519455397        2.914143505975062        0.0011757614045099388    -35570.62635348551
2.1799999999999999E-4     1.18E-4                  8.099999999999999E-5     7.834658415253841        4.242893927426252        2.8879891419258854       0.001167908960781508     -35570.62635348551
2.1899999999999998E-4     1.18E-4                  8.099999999999999E-5     7.780526758572847        4.200573470394545        2.8769651600497252       0.0011600931591981794    -35941.043924149126
2.1999999999999998E-4     1.18E-4                  8.099999999999999E-5     7.744585714648679        4.161587468603358        2.852375569345489        0.0011523306029615687    -35941.043924149126
2.2099999999999998E-4     1.18E-4                  8.099999999999999E-5     7.714085046776852        4.116640463404913        2.8301474006354574       0.0011446028498049005    -38981.56295161322
2.22E-4                   1.18E-4                  8.099999999999999E-5     7.675103483825268        4.079537152297618        2.8043561842425113       0.0011369082555395993    -38981.56295161322
2.23E-4                   1.18E-4                  8.099999999999999E-5     7.636121920873627        4.04243384119026         2.778564967849558        0.0011292526428372507    -38981.56295161322
2.24E-4                   1.18E-4                  8.099999999999999E-5     7.597140357922022        4.005330530083025        2.75277375145661         0.0011216360116978526    -38981.56295161322
2.25E-4                   1.18E-4                  8.099999999999999E-5     7.558158794970391        3.9682272189756986       2.726982535063615        0.0011140583621214062    -38981.56295161322
2.26E-4                   1.18E-4                  8.099999999999999E-5     7.5191772320187855       3.9311239078683866       2.7011913186707126       0.0011065196941079116    -38981.56295161322
2.27E-4                   1.18E-4                  8.099999999999999E-5     7.480195669067177        3.894020596761125        2.675400102277724        0.0010990200076573691    -38981.56295161322
2.2799999999999999E-4     1.18E-4                  8.099999999999999E-5     7.4418274826632          3.8545233044060367       2.645604354137504        0.001091558381151042     -39871.81756564253
2.2899999999999998E-4     1.18E-4                  8.099999999999999E-5     7.401955665097548        3.8178678314770664       2.621143205564927        0.0010841364895771619    -39871.81756564253
2.2999999999999998E-4     1.18E-4                  8.099999999999999E-5     7.362083847531925        3.7812123585481103       2.596682056992371        0.0010767544698208472    -39871.81756564253
2.3099999999999998E-4     1.18E-4                  8.099999999999999E-5     7.322212029966243        3.7445568856190654       2.572220908419723        0.0010694123218820979    -39871.81756564253
2.32E-4                   1.18E-4                  8.099999999999999E-5     7.282340212400635        3.7079014126901804       2.547759759847139        0.0010621100457609144    -39871.81756564253
2.33E-4                   1.18E-4                  8.099999999999999E-5     7.247210695329414        3.673607244023664        2.523084448572601        0.001054847269225269     -34453.18942931853
2.34E-4                   1.18E-4                  8.099999999999999E-5     7.212757505900086        3.640360407642998        2.5010336744217465       0.0010476172851246548    -34453.18942931853
2.35E-4                   1.18E-4                  8.099999999999999E-5     7.178304316470815        3.6071135712622766       2.478982900270945        0.001040421754213469     -34453.18942931853
2.36E-4                   1.18E-4                  8.099999999999999E-5     7.143851127041474        3.5738667348815643       2.4569321261200825       0.0010332606764917132    -34453.18942931853
2.37E-4                   1.18E-4                  8.099999999999999E-5     7.109397937612142        3.5406198985008435       2.4348813519692203       0.001026134051959386     -34453.18942931853
2.3799999999999998E-4     1.18E-4                  8.099999999999999E-5     7.074944748182788        3.507373062120209        2.4128305778184242       0.001019041880616489     -34453.18942931853
2.3899999999999998E-4     1.18E-4                  8.099999999999999E-5     7.040491558753516        3.4741262257394636       2.3907798036675834       0.0010119841624630207    -34453.18942931853
2.3999999999999998E-4     1.18E-4                  8.099999999999999E-5     7.006038369324173        3.4408793893587273       2.368729029516761        0.001004960897498982     -34453.18942931853
2.4099999999999998E-4     1.18E-4                  8.099999999999999E-5     6.968671203175177        3.4096817463666422       2.3461969695559475       9.97972926537189E-4      -39154.71679655695
2.42E-4                   1.18E-4                  8.099999999999999E-5     6.931849010580791        3.380372712516097        2.323859471717306        9.910234772277883E-4     -34243.34998581931
2.43E-4                   1.18E-4                  8.099999999999999E-5     6.897605660595026        3.3511833828578386       2.3039092853273573       9.841087498922005E-4     -34243.34998581931
2.44E-4                   1.18E-4                  8.099999999999999E-5     6.8633623106091655       3.321994053199538        2.2839590989374265       9.772282659065987E-4     -34243.34998581931
2.45E-4                   1.18E-4                  8.099999999999999E-5     6.829118960623337        3.2928047235412654       2.2640089125474674       9.70382025270982E-4      -34243.34998581931
2.4599999999999996E-4     1.18E-4                  8.099999999999999E-5     6.794875610637529        3.2636153938830175       2.244058726157503        9.63570027985352E-4      -34243.34998581931
2.47E-4                   1.18E-4                  8.099999999999999E-5     6.760632260651712        3.2344260642247353       2.2241085397675455       9.567922740497071E-4     -34243.34998581931
2.48E-4                   1.18E-4                  8.099999999999999E-5     6.726388910665871        3.2052367345664496       2.2041583533775704       9.500487634640479E-4     -34243.34998581931
2.49E-4                   1.18E-4                  8.099999999999999E-5     6.692145560680068        3.176047404908193        2.1842081669875997       9.433394962283755E-4     -34243.34998581931
2.5E-4                    1.18E-4                  8.099999999999999E-5     6.657902210694214        3.146858075249863        2.1642579805976876       9.366644723426882E-4     -34243.34998581931
2.51E-4                   1.18E-4                  8.099999999999999E-5     6.623658860708414        3.117668745591613        2.144307794207627        9.300236918069872E-4     -34243.34998581931
2.52E-4                   1.18E-4                  8.099999999999999E-5     6.5894155107225885       3.088479415933377        2.124357607817739        9.234171546212712E-4     -34243.34998581931
2.5299999999999997E-4     1.18E-4                  8.099999999999999E-5     6.555172160736753        3.059290086275097        2.104407421427723        9.168448607855417E-4     -34243.34998581931
2.54E-4                   1.18E-4                  8.099999999999999E-5     6.528101947147256        3.0314300252348723       2.078474068954673        9.103060556627479E-4     -35155.22543547861
2.5499999999999996E-4     1.18E-4                  8.099999999999999E-5     6.492946721711785        3.0029490539366606       2.060710010567263        9.037955313283184E-4     -35155.22543547861
2.56E-4                   1.18E-4                  8.099999999999999E-5     6.460993391244008        2.9766688693519683       2.043778207351224        8.973187275056055E-4     -31728.056939091766
2.57E-4                   1.18E-4                  8.099999999999999E-5     6.426484455510904        2.952557851806972        2.0249770832244915       8.908758553734414E-4     -31415.45412123273
2.58E-4                   1.18E-4                  8.099999999999999E-5     6.39506900138969         2.927775153271547        2.008192195107067        8.844650786449913E-4     -31415.45412123273
2.59E-4                   1.18E-4                  8.099999999999999E-5     6.363653547268427        2.902992454736186        1.9914073069895402       8.780857173706618E-4     -31415.45412123273
2.6E-4                    1.18E-4                  8.099999999999999E-5     6.332238093147245        2.8782097562008673       1.9746224188720904       8.717377715504543E-4     -31415.45412123273
2.61E-4                   1.18E-4                  8.099999999999999E-5     6.300822639026015        2.853427057665481        1.957837530754586        8.654212411843674E-4     -31415.45412123273
2.6199999999999997E-4     1.18E-4                  8.099999999999999E-5     6.269407184904744        2.8286443591300525       1.9410526426371308       8.591361262724026E-4     -31415.45412123273
2.63E-4                   1.18E-4                  8.099999999999999E-5     6.23799173078352         2.8038616605946807       1.9242677545196392       8.52882426814558E-4      -31415.45412123273
2.6399999999999997E-4     1.18E-4                  8.099999999999999E-5     6.20657627666232         2.7790789620593515       1.9074828664021681       8.466601428108356E-4     -31415.45412123273
2.65E-4                   1.18E-4                  8.099999999999999E-5     6.175160822541094        2.7542962635239725       1.890697978284723        8.404692742612332E-4     -31415.45412123273
2.66E-4                   1.18E-4                  8.099999999999999E-5     6.143745368419827        2.7295135649885993       1.8739130901672207       8.343098211657527E-4     -31415.45412123273
2.67E-4                   1.18E-4                  8.099999999999999E-5     6.112329914298583        2.704730866453172        1.8571282020497835       8.281817835243938E-4     -31415.45412123273
2.68E-4                   1.18E-4                  8.099999999999999E-5     6.081227127794629        2.6807426982442983       1.8427239267581825       8.220850051268628E-4     -31266.327293088456
2.69E-4                   1.18E-4                  8.099999999999999E-5     6.049960800501505        2.656121735912908        1.8264964264543906       8.160194111627151E-4     -31266.327293088456
2.7E-4                    1.18E-4                  8.099999999999999E-5     6.026781194657293        2.636062822168327        1.8084982652976769       8.099823889560965E-4     -28614.4584255924
2.71E-4                   1.18E-4                  8.099999999999999E-5     5.9981667362316955       2.61231769022217         1.7931784565508284       8.039699149906521E-4     -28614.4584255924
2.72E-4                   1.18E-4                  8.099999999999999E-5     5.969552277806102        2.5885725582760557       1.7778586478041463       7.979860554836336E-4     -28614.4584255924
2.7299999999999997E-4     1.18E-4                  8.099999999999999E-5     5.933687309222165        2.5639601700012005       1.7576316497109161       7.920326879506132E-4     -25688.211574725807
2.74E-4                   1.18E-4                  8.099999999999999E-5     5.902999200550255        2.542980511383483        1.7454977850255347       7.861151929254024E-4     -28837.14145875722
2.7499999999999996E-4     1.18E-4                  8.099999999999999E-5     5.874162059091518        2.521635594117484        1.7319513160590034       7.802266122955816E-4     -28837.14145875722
2.76E-4                   1.18E-4                  8.099999999999999E-5     5.845324917632766        2.5002906768515345       1.7184048470923798       7.743668688072194E-4     -28837.14145875722
2.77E-4                   1.18E-4                  8.099999999999999E-5     5.816505977923576        2.478890781311552        1.7046542257288877       7.685359606716869E-4     -28747.144215645516
2.78E-4                   1.18E-4                  8.099999999999999E-5     5.787758833707934        2.4573088478070098       1.6902377225880372       7.627338282658715E-4     -28747.144215645516
2.79E-4                   1.18E-4                  8.099999999999999E-5     5.75901168949228         2.4357269143024          1.675821219447215        7.569604430042713E-4     -28747.144215645516
2.8E-4                    1.18E-4                  8.099999999999999E-5     5.735384962847315        2.4160870015966935       1.6607405868152298       7.512149024475228E-4     -26442.523523827083
2.81E-4                   1.18E-4                  8.099999999999999E-5     5.709524578934449        2.39545140680724         1.6484294749511728       7.454924052718826E-4     -26094.32393655181
2.8199999999999997E-4     1.18E-4                  8.099999999999999E-5     5.668183115268491        2.375084881250273        1.627408934646219        7.397993401758649E-4     -25232.74038168136
2.83E-4                   1.18E-4                  8.099999999999999E-5     5.645905225829489        2.3528381728930565       1.6114911840828299       7.341433844929493E-4     -26582.80572838825
2.8399999999999996E-4     1.18E-4                  8.099999999999999E-5     5.619322420101113        2.333970653429226        1.5993130265849018       7.28510770669984E-4      -26582.80572838825
2.85E-4                   1.18E-4                  8.099999999999999E-5     5.592739614372702        2.315103133965433        1.5871348690869311       7.229047396527469E-4     -26582.80572838825
2.86E-4                   1.18E-4                  8.099999999999999E-5     5.5661568086442905       2.29623561450164         1.5749567115889747       7.173252914412383E-4     -26582.80572838825
2.87E-4                   1.18E-4                  8.099999999999999E-5     5.539574002915915        2.277368095037837        1.5627785540910395       7.117724260354587E-4     -26582.80572838825
2.88E-4                   1.18E-4                  8.099999999999999E-5     5.512991197187526        2.258500575574046        1.5506003965931026       7.062461434354068E-4     -26582.80572838825
2.89E-4                   1.18E-4                  8.099999999999999E-5     5.486408391459137        2.2396330561102804       1.5384222390951088       7.007464436410834E-4     -26582.80572838825
2.9E-4                    1.18E-4                  8.099999999999999E-5     5.459825585730742        2.220765536646429        1.526244081597154        6.952733266524885E-4     -26582.80572838825
2.9099999999999997E-4     1.18E-4                  8.099999999999999E-5     5.43324278000235         2.201898017182635        1.5140659240992274       6.89826792469622E-4      -26582.80572838825
2.92E-4                   1.18E-4                  8.099999999999999E-5     5.406659974273955        2.183030497718866        1.5018877666012664       6.844068410924839E-4     -26582.80572838825
2.9299999999999997E-4     1.18E-4                  8.099999999999999E-5     5.380077168545563        2.164162978255044        1.4897096091033122       6.790134725210741E-4     -26582.80572838825
2.94E-4                   1.18E-4                  8.099999999999999E-5     5.353494362817168        2.1452954587912814       1.477531451605346        6.736466867553926E-4     -26582.80572838825
2.9499999999999996E-4     1.18E-4                  8.099999999999999E-5     5.330168222641465        2.129213539716126        1.462697433127225        6.683064869732324E-4     -26250.33243796116
2.96E-4                   1.18E-4                  8.099999999999999E-5     5.303917890203452        2.1124005797680354       1.450933021221534        6.629894439168096E-4     -26250.33243796116
2.97E-4                   1.18E-4                  8.099999999999999E-5     5.277667557765508        2.095587619820016        1.4391686093158356       6.576986511928251E-4     -26250.33243796116
2.98E-4                   1.18E-4                  8.099999999999999E-5     5.251417225327522        2.078774659871982        1.4274041974101053       6.524341088012788E-4     -26250.33243796116
2.99E-4                   1.18E-4                  8.099999999999999E-5     5.225166892889568        2.0619616999238914       1.415639785504407        6.471958167421701E-4     -26250.33243796116
3.0E-4                    1.18E-4                  8.099999999999999E-5     5.198916560451628        2.0451487399758506       1.403875373598698        6.419837750154997E-4     -26250.33243796116
3.01E-4                   1.18E-4                  8.099999999999999E-5     5.172666228013634        2.0283357800278097       1.3921109616930174       6.367979836212672E-4     -26250.33243796116
3.0199999999999997E-4     1.18E-4                  8.099999999999999E-5     5.146415895575672        2.0115228200797333       1.380346549787319        6.316384425594725E-4     -26250.33243796116
3.03E-4                   1.18E-4                  8.099999999999999E-5     5.123462748003004        1.996447984252236        1.3698044051360938       6.265041746155097E-4     -23235.423831972963
3.0399999999999996E-4     1.18E-4                  8.099999999999999E-5     5.100253308539726        1.9810264423657005       1.3586786348492765       6.21392327446982E-4      -23121.217693790313
3.05E-4                   1.18E-4                  8.099999999999999E-5     5.077132090845937        1.9654197903184354       1.3475474553341371       6.163036347472888E-4     -23121.217693790313
3.06E-4                   1.18E-4                  8.099999999999999E-5     5.054010873152148        1.9498131382711277       1.3364162758190616       6.112380632652899E-4     -23121.217693790313
3.07E-4                   1.18E-4                  8.099999999999999E-5     5.030889655458333        1.9342064862238795       1.3252850963039151       6.061956130009846E-4     -23121.217693790313
3.08E-4                   1.18E-4                  8.099999999999999E-5     5.007768437764573        1.9185998341766437       1.314153916788797        6.01176283954373E-4      -23121.217693790313
3.09E-4                   1.18E-4                  8.099999999999999E-5     4.9814956572907345       1.902308141661262        1.3049133564626434       5.961826150099948E-4     -23552.11982784234
3.1E-4                    1.18E-4                  8.099999999999999E-5     4.957943537462867        1.8871127265641299       1.2947015954846242       5.912128954126179E-4     -23552.11982784234
3.1099999999999997E-4     1.18E-4                  8.099999999999999E-5     4.934391417635037        1.8719173114670014       1.2844898345066111       5.86266727935069E-4      -23552.11982784234
3.12E-4                   1.18E-4                  8.099999999999999E-5     4.911469311542765        1.8560652074400714       1.2740912387315362       5.813439221628003E-4     -24606.7357087984
3.1299999999999996E-4     1.18E-4                  8.099999999999999E-5     4.886862575833932        1.841534879392933        1.2639299016662662       5.76444756219112E-4      -24606.7357087984
3.14E-4                   1.18E-4                  8.099999999999999E-5     4.862255840125165        1.8270045513457855       1.253768564600982        5.715701970111323E-4     -24606.7357087984
3.1499999999999996E-4     1.18E-4                  8.099999999999999E-5     4.839515482733613        1.8129208516968358       1.2443971499162343       5.667198886451585E-4     -22082.762343668146
3.16E-4                   1.18E-4                  8.099999999999999E-5     4.817432720389979        1.79914582068968         1.2347531528218594       5.618914145435968E-4     -22082.762343668146
3.17E-4                   1.18E-4                  8.099999999999999E-5     4.795349958046295        1.7853707896825008       1.2251091557274505       5.570850232043784E-4     -22082.762343668146
3.18E-4                   1.18E-4                  8.099999999999999E-5     4.773267195702644        1.7715957586753692       1.215465158633072        5.52300714627504E-4      -22082.762343668146
3.19E-4                   1.18E-4                  8.099999999999999E-5     4.751184433358944        1.757820727668216        1.20582116153868         5.475384888129731E-4     -22082.762343668146
3.1999999999999997E-4     1.18E-4                  8.099999999999999E-5     4.72910167101527         1.744045696661079        1.196177164444281        5.42798345760786E-4      -22082.762343668146
3.21E-4                   1.18E-4                  8.099999999999999E-5     4.703744899325834        1.728780154831215        1.1880947321731812       5.380821544415555E-4     -20598.092910986044
3.2199999999999997E-4     1.18E-4                  8.099999999999999E-5     4.683146806414853        1.7159525501318846       1.1788714408570833       5.333887085886853E-4     -20598.092910986044
3.23E-4                   1.18E-4                  8.099999999999999E-5     4.662548713503877        1.7031249454325206       1.1696481495410342       5.287158608287259E-4     -20598.092910986044
3.2399999999999996E-4     1.18E-4                  8.099999999999999E-5     4.641950620592888        1.6902973407331991       1.1604248582249657       5.240636111616776E-4     -20598.092910986044
3.25E-4                   1.18E-4                  8.099999999999999E-5     4.6213525276818785       1.6774697360338955       1.1512015669089202       5.194319595875402E-4     -20598.092910986044
3.26E-4                   1.18E-4                  8.099999999999999E-5     4.600754434770899        1.6646421313344995       1.141978275592848        5.148209061063137E-4     -20598.092910986044
3.27E-4                   1.18E-4                  8.099999999999999E-5     4.58011169214754         1.6517488903105502       1.1327563438348385       5.102304343872359E-4     -20890.212106516585
3.28E-4                   1.18E-4                  8.099999999999999E-5     4.559428414924302        1.639777523075061        1.1230157102519627       5.056606050588108E-4     -21882.207353607635
3.29E-4                   1.18E-4                  8.099999999999999E-5     4.537546207570712        1.6278197621313666       1.1144594305313262       5.011121177475634E-4     -21882.207353607635
3.3E-4                    1.18E-4                  8.099999999999999E-5     4.5156640002171          1.6158620011876366       1.1059031508106898       4.965855126436696E-4     -21882.207353607635
3.3099999999999997E-4     1.18E-4                  8.099999999999999E-5     4.493781792863489        1.6039042402439456       1.0973468710900782       4.920807897471291E-4     -21882.207353607635
3.32E-4                   1.18E-4                  8.099999999999999E-5     4.47189958550989         1.5919464793001836       1.0887905913694382       4.8759794905794236E-4    -21882.207353607635
3.3299999999999996E-4     1.18E-4                  8.099999999999999E-5     4.4500173781562555       1.5799887183564891       1.0802343116487805       4.831369905761095E-4     -21882.207353607635
3.34E-4                   1.18E-4                  8.099999999999999E-5     4.428135170802685        1.5680309574127698       1.0716780319281582       4.7869791430163005E-4    -21882.207353607635
3.35E-4                   1.18E-4                  8.099999999999999E-5     4.406252963449049        1.5560731964690468       1.0631217522075431       4.7428072023450387E-4    -21882.207353607635
3.36E-4                   1.18E-4                  8.099999999999999E-5     4.38957992263385         1.5423526919122699       1.0582553448214558       4.6988351125936274E-4    -18964.615983033553
3.37E-4                   1.18E-4                  8.099999999999999E-5     4.370656996605858        1.531654116311941        1.0500707150469353       4.6550339457800366E-4    -19075.9521380181
3.38E-4                   1.18E-4                  8.099999999999999E-5     4.351581044467844        1.5204312726341875       1.0419671175016418       4.6114227555746703E-4    -19075.9521380181
3.39E-4                   1.18E-4                  8.099999999999999E-5     4.332505092329831        1.5092084289564038       1.0338635199563484       4.568002324890683E-4     -19075.9521380181
3.3999999999999997E-4     1.18E-4                  8.099999999999999E-5     4.313429140191803        1.4979855852786343       1.0257599224110407       4.5247726537280724E-4    -19075.9521380181
3.41E-4                   1.18E-4                  8.099999999999999E-5     4.294353188053804        1.4867627416008933       1.0176563248657402       4.481733742086844E-4     -19075.9521380181
3.4199999999999996E-4     1.18E-4                  8.099999999999999E-5     4.272422815110145        1.4748991873456774       1.0127875596496643       4.4389114006116896E-4    -19025.73809344676
3.43E-4                   1.18E-4                  8.099999999999999E-5     4.253397077016711        1.4640602676922416       1.0052464384835695       4.3962823011510553E-4    -19025.73809344676
3.4399999999999996E-4     1.18E-4                  8.099999999999999E-5     4.234371338923266        1.4532213480388219       0.997705317317507        4.3538434590713565E-4    -19025.73809344676
3.45E-4                   1.18E-4                  8.099999999999999E-5     4.215345600829808        1.4423824283853914       0.9901641961514197       4.3115948743725914E-4    -19025.73809344676
3.46E-4                   1.18E-4                  8.099999999999999E-5     4.196319862736361        1.4315435087319734       0.9826230749853481       4.269536547054758E-4     -19025.73809344676
3.47E-4                   1.18E-4                  8.099999999999999E-5     4.177294124642906        1.4207045890785182       0.9750819538192448       4.227668477117864E-4     -19025.73809344676
3.48E-4                   1.18E-4                  8.099999999999999E-5     4.1582683865494685       1.4098656694250984       0.967540832653182        4.185990664561899E-4     -19025.73809344676
3.4899999999999997E-4     1.18E-4                  8.099999999999999E-5     4.139242648456019        1.3990267497716822       0.9599997114871073       4.144503109386874E-4     -19025.73809344676
3.5E-4                    1.18E-4                  8.099999999999999E-5     4.120216910362582        1.3881878301182553       0.9524585903210072       4.1032058115927797E-4    -19025.73809344676
3.5099999999999997E-4     1.18E-4                  8.099999999999999E-5     4.1011911722691226       1.3773489104647858       0.9449174691549431       4.062098771179622E-4     -19025.73809344676
3.52E-4                   1.18E-4                  8.099999999999999E-5     4.082165434175677        1.366509990811359        0.9373763479888662       4.021181988147396E-4     -19025.73809344676
3.5299999999999996E-4     1.18E-4                  8.099999999999999E-5     4.063139696082235        1.355671071157957        0.9298352268228021       3.9804554624961106E-4    -19025.73809344676
3.54E-4                   1.18E-4                  8.099999999999999E-5     4.0503792512089944       1.3488018641093618       0.9276290756923888       3.9398842363873635E-4    -17314.861223499058
3.55E-4                   1.18E-4                  8.099999999999999E-5     4.024274904769317        1.3418663000914526       0.9203788095238156       3.899481779243838E-4     -16302.512027556077
3.56E-4                   1.18E-4                  8.099999999999999E-5     4.010584726058332        1.3320033875669717       0.908685943410422        3.859306335369544E-4     -17028.984267411695
3.57E-4                   1.18E-4                  8.099999999999999E-5     3.9935557417909227       1.3224252683748468       0.9028620269658134       3.819285633030298E-4     -17028.984267411695
3.58E-4                   1.18E-4                  8.099999999999999E-5     3.976526757523516        1.31284714918268         0.8970381105211693       3.779435220533725E-4     -17028.984267411695
3.59E-4                   1.18E-4                  8.099999999999999E-5     3.9603405043835096       1.2990661470529616       0.8916962973304923       3.7397505204275885E-4    -17540.721910521388
3.5999999999999997E-4     1.18E-4                  8.099999999999999E-5     3.9427997824729815       1.2904958667730853       0.8857390291766931       3.700234818993307E-4     -17540.721910521388
3.61E-4                   1.18E-4                  8.099999999999999E-5     3.9252590605624675       1.2819255864931982       0.8797817610228682       3.660894524778128E-4     -17540.721910521388
3.6199999999999996E-4     1.18E-4                  8.099999999999999E-5     3.907718338651943        1.273355306213336        0.8738244928690215       3.6217296377820575E-4    -17540.721910521388
3.63E-4                   1.18E-4                  8.099999999999999E-5     3.890177616741413        1.2647850259334898       0.867867224715217        3.582740158005089E-4     -17540.721910521388
3.6399999999999996E-4     1.18E-4                  8.099999999999999E-5     3.872636894830883        1.2562147456536072       0.8619099565614085       3.54392608544723E-4      -17540.721910521388
3.65E-4                   1.18E-4                  8.099999999999999E-5     3.85509617292037         1.2476444653737397       0.8559526884075874       3.505287420108472E-4     -17540.721910521388
3.66E-4                   1.18E-4                  8.099999999999999E-5     3.8375554510098375       1.2390741850938394       0.8499954202538005       3.4668241619888207E-4    -17540.721910521388
3.67E-4                   1.18E-4                  8.099999999999999E-5     3.8200147290993165       1.2305039048140465       0.8440381520999862       3.4285363110882753E-4    -17540.721910521388
3.68E-4                   1.18E-4                  8.099999999999999E-5     3.806102606314229        1.2195571819636069       0.8376912638208989       3.390402228809944E-4     -16834.312641994096
3.6899999999999997E-4     1.18E-4                  8.099999999999999E-5     3.789268293672224        1.2112035142585027       0.8316212703906327       3.352425374310013E-4     -16834.312641994096
3.7E-4                    1.18E-4                  8.099999999999999E-5     3.7724339810302254       1.2028498465534243       0.8255512769603666       3.3146168629364996E-4    -16834.312641994096
3.7099999999999996E-4     1.18E-4                  8.099999999999999E-5     3.7550996893734334       1.1943687739790891       0.8202859358720769       3.2769860460176765E-4    -15844.425611911225
3.72E-4                   1.18E-4                  8.099999999999999E-5     3.739255263761526        1.1862985282379763       0.8146280017233494       3.239514271252E-4        -15844.425611911225
3.7299999999999996E-4     1.18E-4                  8.099999999999999E-5     3.723410838149601        1.1782282824968497       0.8089700675746379       3.2022009407424467E-4    -15844.425611911225
3.74E-4                   1.18E-4                  8.099999999999999E-5     3.707566412537694        1.1701580367557343       0.8033121334259103       3.165046054489009E-4     -15844.425611911225
3.75E-4                   1.18E-4                  8.099999999999999E-5     3.6917219869257853       1.1620877910146366       0.7976541992771935       3.128049612491691E-4     -15844.425611911225
3.76E-4                   1.18E-4                  8.099999999999999E-5     3.6758775613138575       1.1540175452735193       0.7919962651284749       3.091211614750493E-4     -15844.425611911225
3.77E-4                   1.18E-4                  8.099999999999999E-5     3.6600331357019478       1.1459472995323798       0.7863383309797527       3.0545320612654136E-4    -15844.425611911225
3.7799999999999997E-4     1.18E-4                  8.099999999999999E-5     3.6441887100900523       1.1378770537913105       0.7806803968310376       3.018010952036454E-4     -15844.425611911225
3.79E-4                   1.18E-4                  8.099999999999999E-5     3.629362451099375        1.1294264227315143       0.7760041598490659       2.981641884932048E-4     -15851.227444849908
3.7999999999999997E-4     1.18E-4                  8.099999999999999E-5     3.6120404258481287       1.1198281896880302       0.7689937795040578       2.945430893441195E-4     -14947.6333590094
3.81E-4                   1.18E-4                  8.099999999999999E-5     3.5970927924891427       1.112709870681904        0.7638374126755707       2.909385227349508E-4     -14947.6333590094
3.8199999999999996E-4     1.18E-4                  8.099999999999999E-5     3.582319154278332        1.1055891604300123       0.757800473253269        2.873487899231858E-4     -15090.669549582119
3.83E-4                   1.18E-4                  8.099999999999999E-5     3.567228484728756        1.0983956362705825       0.7529715006066606       2.837740161036821E-4     -15090.669549582119
3.84E-4                   1.18E-4                  8.099999999999999E-5     3.5521378151791843       1.091202112111096        0.7481425279600735       2.8021433295372805E-4    -15090.669549582119
3.85E-4                   1.18E-4                  8.099999999999999E-5     3.5370471456295953       1.0840085879516423       0.7433135553134758       2.766697404733237E-4     -15090.669549582119
3.86E-4                   1.18E-4                  8.099999999999999E-5     3.52195647608001         1.0768150637921634       0.7384845826668869       2.731402386624689E-4     -15090.669549582119
3.87E-4                   1.18E-4                  8.099999999999999E-5     3.506775320443878        1.0691758242602667       0.7336301080537186       2.696258714197308E-4     -15183.88592078368
3.88E-4                   1.18E-4                  8.099999999999999E-5     3.491591434523104        1.0615319122488387       0.7287751506240361       2.661266880422472E-4     -15183.88592078368
3.8899999999999997E-4     1.18E-4                  8.099999999999999E-5     3.4764075486023094       1.0538880002373645       0.7239201931943459       2.626426885506847E-4     -15183.88592078368
3.9E-4                    1.18E-4                  8.099999999999999E-5     3.463570053961363        1.0474192540203449       0.7193347803848731       2.591735766837646E-4     -13904.821576905228
3.9099999999999996E-4     1.18E-4                  8.099999999999999E-5     3.4469882366614875       1.0413357037799709       0.714533803813671        2.557189527386875E-4     -14017.308652449008
3.92E-4                   1.18E-4                  8.099999999999999E-5     3.4329709280090435       1.034481930342722        0.7099361122441898       2.522789731563522E-4     -14017.308652449008
3.9299999999999996E-4     1.18E-4                  8.099999999999999E-5     3.418953619356589        1.0276281569054637       0.7053384206747086       2.4885301088266944E-4    -14017.308652449008
3.94E-4                   1.18E-4                  8.099999999999999E-5     3.404936310704134        1.0207743834682006       0.7007407291051919       2.45441065917639E-4      -14017.308652449008
3.95E-4                   1.18E-4                  8.099999999999999E-5     3.3909190020516937       1.0139206100309686       0.696143037535716        2.4204313826126103E-4    -14017.308652449008
3.96E-4                   1.18E-4                  8.099999999999999E-5     3.376901693399241        1.0070668365937174       0.691545345966226        2.3865922791353565E-4    -14017.308652449008
3.97E-4                   1.18E-4                  8.099999999999999E-5     3.3628843847467915       1.0002130631564659       0.6869476543967412       2.3528933487446254E-4    -14017.308652449008
3.9799999999999997E-4     1.18E-4                  8.099999999999999E-5     3.348867076094353        0.9933592897192174       0.6823499628272582       2.31933459144042E-4      -14017.308652449008
3.99E-4                   1.18E-4                  8.099999999999999E-5     3.3348497674419004       0.9865055162819583       0.6777522712577593       2.285916007222739E-4     -14017.308652449008
3.9999999999999996E-4     1.18E-4                  8.099999999999999E-5     3.3208324587894547       0.9796517428447054       0.6731545796882799       2.2526375960915833E-4    -14017.308652449008
4.01E-4                   1.18E-4                  8.099999999999999E-5     3.3079842638155466       0.9734261612141886       0.6677546241965606       2.2194977077629726E-4    -14156.905382770114
4.0199999999999996E-4     1.18E-4                  8.099999999999999E-5     3.2945335299252605       0.9672927427831581       0.6632468272520491       2.1864808826830255E-4    -14113.182899965439
4.03E-4                   1.18E-4                  8.099999999999999E-5     3.2804203470252835       0.9607596194741532       0.6591578029778136       2.1536061132982723E-4    -14113.182899965439
4.04E-4                   1.18E-4                  8.099999999999999E-5     3.2651606102534037       0.9524554104279304       0.6533789317255287       2.120873151081533E-4     -12983.929138510499
4.05E-4                   1.18E-4                  8.099999999999999E-5     3.252176681114879        0.9465235302324082       0.6494643306691028       2.0882864646246926E-4    -12983.929138510499
4.06E-4                   1.18E-4                  8.099999999999999E-5     3.239192751976363        0.9405916500368683       0.6455497296126813       2.0558296174592357E-4    -12983.929138510499
4.0699999999999997E-4     1.18E-4                  8.099999999999999E-5     3.2262088228378567       0.9346597698413284       0.6416351285562527       2.0235026095851653E-4    -12983.929138510499
4.08E-4                   1.18E-4                  8.099999999999999E-5     3.213224893699346        0.9287278896458009       0.6377205274998303       1.991305441002478E-4     -12983.929138510499
4.0899999999999997E-4     1.18E-4                  8.099999999999999E-5     3.200240964560831        0.9227960094502698       0.6338059264434115       1.9592381117111783E-4    -12983.929138510499
4.1E-4                    1.18E-4                  8.099999999999999E-5     3.187257035422315        0.9168641292547282       0.6298913253869918       1.9273006217112625E-4    -12983.929138510499
4.1099999999999996E-4     1.18E-4                  8.099999999999999E-5     3.174273106283804        0.9109322490591758       0.625976724330557        1.895492971002732E-4     -12983.929138510499
4.12E-4                   1.18E-4                  8.099999999999999E-5     3.1612891771452913       0.9050003688636377       0.6220621232741523       1.8638151595855857E-4    -12983.929138510499
4.1299999999999996E-4     1.18E-4                  8.099999999999999E-5     3.148305248006784        0.8990684886681137       0.6181475222177193       1.8322671874598264E-4    -12983.929138510499
4.14E-4                   1.18E-4                  8.099999999999999E-5     3.1353213188682614       0.8931366084725827       0.6142329211613005       1.8008490546254506E-4    -12983.929138510499
4.15E-4                   1.18E-4                  8.099999999999999E-5     3.123932781045827        0.8875638702873996       0.6101100541035827       1.769550601067977E-4     -12497.209678780288
4.16E-4                   1.18E-4                  8.099999999999999E-5     3.1117531864184604       0.8817447687047659       0.6065792142583377       1.7383689196643942E-4    -12874.769649943337
4.17E-4                   1.18E-4                  8.099999999999999E-5     3.0966865187928954       0.8760721838506799       0.6006302635280134       1.7073347209683776E-4    -12150.467496257741
4.1799999999999997E-4     1.18E-4                  8.099999999999999E-5     3.084536051296637        0.8707402266712498       0.5970375277507385       1.6764286081179312E-4    -12150.467496257741
4.19E-4                   1.18E-4                  8.099999999999999E-5     3.0723855838003855       0.8654082694918289       0.5934447919734813       1.645643999942446E-4     -12150.467496257741
4.1999999999999996E-4     1.18E-4                  8.099999999999999E-5     3.0602351163041264       0.8600763123123859       0.5898520561962087       1.614980896441924E-4     -12150.467496257741
4.21E-4                   1.18E-4                  8.099999999999999E-5     3.0480846488078672       0.8547443551329452       0.5862593204189461       1.5844392976163636E-4    -12150.467496257741
4.2199999999999996E-4     1.18E-4                  8.099999999999999E-5     3.035934181311608        0.8494123979535191       0.5826665846416756       1.5540192034657664E-4    -12150.467496257741
4.23E-4                   1.18E-4                  8.099999999999999E-5     3.02391754570161         0.8444314584591153       0.5797163431559405       1.5237203094690044E-4    -12144.045504550886
4.24E-4                   1.18E-4                  8.099999999999999E-5     3.0117735001970525       0.8390486354953826       0.5761344622411926       1.4935418542395097E-4    -12144.045504550886
4.25E-4                   1.18E-4                  8.099999999999999E-5     2.9996294546925037       0.8336658125316534       0.5725525813264518       1.4634848394650627E-4    -12144.045504550886
4.26E-4                   1.18E-4                  8.099999999999999E-5     2.9882895793396242       0.8287369051080073       0.5680950295110887       1.4335465095239634E-4    -12125.380409821344
4.2699999999999997E-4     1.18E-4                  8.099999999999999E-5     2.976164198929797        0.8232249834335725       0.5646164052966776       1.4037242406326168E-4    -12125.380409821344
4.28E-4                   1.18E-4                  8.099999999999999E-5     2.9640388185199784       0.8177130617591342       0.5611377810822646       1.3740232255453672E-4    -12125.380409821344
4.2899999999999997E-4     1.18E-4                  8.099999999999999E-5     2.951913438110158        0.8122011400846922       0.5576591568678397       1.344443464262217E-4     -12125.380409821344
4.3E-4                    1.18E-4                  8.099999999999999E-5     2.9401408651596856       0.8068368216695233       0.5542180749911443       1.314984412692295E-4     -11194.88898273604
4.3099999999999996E-4     1.18E-4                  8.099999999999999E-5     2.9289459761769483       0.8017731025752177       0.5508739168573884       1.285638978485613E-4     -11194.88898273604
4.32E-4                   1.18E-4                  8.099999999999999E-5     2.9177510871942096       0.796709383480912        0.5475297587236252       1.2564054931687567E-4    -11194.88898273604
4.3299999999999995E-4     1.18E-4                  8.099999999999999E-5     2.906556198211474        0.7916456643866131       0.5441856005898558       1.227283956741729E-4     -11194.88898273604
4.34E-4                   1.18E-4                  8.099999999999999E-5     2.8953613092287354       0.7865819452923075       0.5408414424561006       1.1982743692045276E-4    -11194.88898273604
4.35E-4                   1.18E-4                  8.099999999999999E-5     2.8841178439690927       0.7815598280352241       0.5373350377155084       1.1693770475345931E-4    -11108.295756200328
4.3599999999999997E-4     1.18E-4                  8.099999999999999E-5     2.873009548212897        0.7765864485804457       0.5339151212150962       1.1405914105736838E-4    -11108.295756200328
4.37E-4                   1.18E-4                  8.099999999999999E-5     2.860877248717877        0.7724525765292345       0.5306296189374917       1.1119180938540017E-4    -11025.139478094643
4.3799999999999997E-4     1.18E-4                  8.099999999999999E-5     2.8498521092397873       0.7676703410671926       0.5273111419009291       1.0833644470642144E-4    -11025.139478094643
4.39E-4                   1.18E-4                  8.099999999999999E-5     2.8388269697616892       0.7628881056051664       0.5239926648643651       1.0549210516692062E-4    -11025.139478094643
4.3999999999999996E-4     1.18E-4                  8.099999999999999E-5     2.827801830283596        0.7581058701431345       0.5206741878278053       1.0265879076689807E-4    -11025.139478094643
4.41E-4                   1.18E-4                  8.099999999999999E-5     2.8167766908055016       0.753323634681101        0.5173557107912501       9.983650150635346E-5     -11025.139478094643
4.4199999999999996E-4     1.18E-4                  8.099999999999999E-5     2.8057515513274045       0.7485413992190653       0.5140372337546895       9.702523738528707E-5     -11025.139478094643
4.43E-4                   1.18E-4                  8.099999999999999E-5     2.794726411849311        0.7437591637570335       0.5107187567181197       9.422499840369869E-5     -11025.139478094643
4.44E-4                   1.18E-4                  8.099999999999999E-5     2.784715318331621        0.7403857942206971       0.5075715658424838       9.143569144927076E-5     -10567.608005997841
4.45E-4                   1.18E-4                  8.099999999999999E-5     2.7739309926112403       0.7358063209779573       0.504568278256889        8.865633165129916E-5     -10864.530284192064
4.46E-4                   1.18E-4                  8.099999999999999E-5     2.7630664623270476       0.731219587782022        0.5016203907269139       8.58878329238299E-5      -10864.530284192064
4.4699999999999997E-4     1.18E-4                  8.099999999999999E-5     2.752201932042853        0.7266328545860787       0.4986725031969357       8.313019872664504E-5     -10864.530284192064
4.48E-4                   1.18E-4                  8.099999999999999E-5     2.740657451012719        0.7222809962701477       0.4955183381387396       8.038400331509575E-5     -10060.246961857803
4.4899999999999996E-4     1.18E-4                  8.099999999999999E-5     2.7305972040508655       0.7179087366766432       0.4927810290288226       7.764837598756405E-5     -10060.246961857803
4.5E-4                    1.18E-4                  8.099999999999999E-5     2.719980560089429        0.7137575399405471       0.48915580619006016      7.492309153290505E-5     -9922.313940671731
4.5099999999999996E-4     1.18E-4                  8.099999999999999E-5     2.710058246148759        0.7093530447513315       0.48637889774937837      7.220807212978603E-5     -9922.313940671731
4.52E-4                   1.18E-4                  8.099999999999999E-5     2.700317153270683        0.704392088880285        0.48356742005728237      6.950283163419808E-5     -10211.219321889454
4.53E-4                   1.18E-4                  8.099999999999999E-5     2.6901059339487934       0.7003233584521193       0.48078718237391715      6.680762009058825E-5     -10211.219321889454
4.54E-4                   1.18E-4                  8.099999999999999E-5     2.679894714626902        0.6962546280239525       0.4780069446905566       6.412261976630048E-5     -10211.219321889454
4.55E-4                   1.18E-4                  8.099999999999999E-5     2.6696834953050153       0.6921858975957903       0.47522670700718767      6.144783066133447E-5     -10211.219321889454
4.5599999999999997E-4     1.18E-4                  8.099999999999999E-5     2.659472275983125        0.6881171671676269       0.47244646932381973      5.878325277569048E-5     -10211.219321889454
4.57E-4                   1.18E-4                  8.099999999999999E-5     2.6492610566612345       0.6840484367394618       0.46966623164045734      5.6128886109368236E-5    -10211.219321889454
4.5799999999999997E-4     1.18E-4                  8.099999999999999E-5     2.6390498373393454       0.6799797063112977       0.46688599395708785      5.348473066236802E-5     -10211.219321889454
4.59E-4                   1.18E-4                  8.099999999999999E-5     2.628838618017456        0.6759109758831323       0.46410575627372697      5.085078643468957E-5     -10211.219321889454
4.5999999999999996E-4     1.18E-4                  8.099999999999999E-5     2.6186273986955686       0.671842245454968        0.46132551859036086      4.822705342633312E-5     -10211.219321889454
4.61E-4                   1.18E-4                  8.099999999999999E-5     2.6093447969770605       0.6676181561133583       0.45846739351052945      4.5613134366411266E-5    -9814.163772957007
4.6199999999999995E-4     1.18E-4                  8.099999999999999E-5     2.5995306332041026       0.663724834608343        0.45582965458833624      4.300869665132076E-5     -9814.163772957007
4.63E-4                   1.18E-4                  8.099999999999999E-5     2.589716469431145        0.6598315131033278       0.45319191566614614      4.041407310000306E-5     -9814.163772957007
4.64E-4                   1.18E-4                  8.099999999999999E-5     2.5799023056581905       0.655938191598314        0.45055417674395504      3.782926371245833E-5     -9814.163772957007
4.6499999999999997E-4     1.18E-4                  8.099999999999999E-5     2.5700881418852335       0.6520448700932984       0.4479164378217654       3.525426848868669E-5     -9814.163772957007
4.66E-4                   1.18E-4                  8.099999999999999E-5     2.5608276540925123       0.6485332825935319       0.4451713575954197       3.2689008818524434E-5    -9369.381053326535
4.6699999999999997E-4     1.18E-4                  8.099999999999999E-5     2.5514582730391853       0.6446999966777043       0.442648308580738        3.013286585495866E-5     -9369.381053326535
4.68E-4                   1.18E-4                  8.099999999999999E-5     2.542088891985859        0.6408667107618748       0.4401252595660545       2.7586092272446075E-5    -9369.381053326535
4.6899999999999996E-4     1.18E-4                  8.099999999999999E-5     2.5324467099264307       0.6371485353984115       0.4371502145511371       2.504897879726698E-5     -9245.259256036254
4.7E-4                    1.18E-4                  8.099999999999999E-5     2.5232117793485607       0.6333444658755061       0.43462304049758976      2.2521151273017008E-5    -9224.614597065229
4.7099999999999996E-4     1.18E-4                  8.099999999999999E-5     2.513997455403388        0.6295533096868426       0.43209266130767304      2.000254836969643E-5     -9204.045924943377
4.72E-4                   1.18E-4                  8.099999999999999E-5     2.5044477358188635       0.6260614818711467       0.4297195327930138       1.7493341727969276E-5    -9300.821763903557
4.73E-4                   1.18E-4                  8.099999999999999E-5     2.4951615286244264       0.6224146652308555       0.4272542712089642       1.4993539529072749E-5    -9271.621837062674
4.74E-4                   1.18E-4                  8.099999999999999E-5     2.4859044339654943       0.618794980290488        0.42479649306497         1.2503008966558011E-5    -9242.596448563745
4.75E-4                   1.18E-4                  8.099999999999999E-5     2.476676278033846        0.615202264522905        0.42234616252396384      1.0021721014915607E-5    -9213.744140853
4.7599999999999997E-4     1.18E-4                  8.099999999999999E-5     2.4674768884710088       0.6116363567636611       0.41990324401787604      7.549646821716758E-6     -9185.06347199629
4.77E-4                   1.18E-4                  8.099999999999999E-5     2.458306094352628        0.6080970971963702       0.417467702244779        5.0867577061744285E-6    -9156.553015473946
4.7799999999999996E-4     1.18E-4                  8.099999999999999E-5     2.449163726173218        0.6045843273384367       0.4150395021665772       2.6330251577138105E-6    -9128.211359982539
4.79E-4                   1.18E-4                  8.099999999999999E-5     2.4400496158311884       0.6010978900265427       0.412618609005836        1.8842083456450632E-7    -9100.037109235447
4.7999999999999996E-4     1.18E-4                  8.099999999999999E-5     NaN                      NaN                      NaN                      NaN                      NaN
4.81E-4                   1.18E-4                  8.099999999999999E-5     NaN                      NaN                      NaN                      NaN                      NaN
4.8199999999999995E-4     1.18E-4                  8.099999999999999E-5     NaN                      NaN                      NaN                      NaN                      NaN
4.83E-4                   1.18E-4                  8.099999999999999E-5     NaN                      NaN                      NaN                      NaN                      NaN
4.84E-4                   1.18E-4                  8.099999999999999E-5     NaN                      NaN                      NaN                      NaN                      NaN
4.8499999999999997E-4     1.18E-4                  8.099999999999999E-5     NaN                      NaN                      NaN                      NaN                      NaN
4.86E-4                   1.18E-4                  8.099999999999999E-5     NaN                      NaN                      NaN                      NaN                      NaN
4.8699999999999997E-4     1.18E-4                  8.099999999999999E-5     NaN                      NaN                      NaN                      NaN                      NaN
4.88E-4                   1.18E-4                  8.099999999999999E-5     NaN                      NaN                      NaN                      NaN                      NaN
4.89E-4                   1.18E-4                  8.099999999999999E-5     NaN                      NaN                      NaN                      NaN                      NaN
4.9E-4                    1.18E-4                  8.099999999999999E-5     NaN                      NaN                      NaN                      NaN                      NaN
4.91E-4                   1.18E-4                  8.099999999999999E-5     NaN                      NaN                      NaN                      NaN                      NaN
4.919999999999999E-4      1.18E-4                  8.099999999999999E-5     NaN                      NaN                      NaN                      NaN                      NaN
4.93E-4                   1.18E-4                  8.099999999999999E-5     NaN                      NaN                      NaN                      NaN                      NaN
4.94E-4                   1.18E-4                  8.099999999999999E-5     NaN                      NaN                      NaN                      NaN                      NaN
4.95E-4                   1.18E-4                  8.099999999999999E-5     NaN                      NaN                      NaN                      NaN                      NaN
4.96E-4                   1.18E-4                  8.099999999999999E-5     NaN                      NaN                      NaN                      NaN                      NaN
4.969999999999999E-4      1.18E-4                  8.099999999999999E-5     NaN                      NaN                      NaN                      NaN                      NaN
4.98E-4                   1.18E-4                  8.099999999999999E-5     NaN                      NaN                      NaN                      NaN                      NaN
4.99E-4                   1.18E-4                  8.099999999999999E-5     NaN                      NaN                      NaN                      NaN                      NaN
5.0E-4                    1.18E-4                  8.099999999999999E-5     NaN                      NaN                      NaN                      NaN                      NaN
