% Model:              Micro_3DArray_v2.mph
% Version:            COMSOL 6.2.0.415
% Date:               Jan 30 2025, 12:40
% Dimension:          3
% Nodes:              501
% Expressions:        5
% Description:        Electric field, x-component, Electric field, y-component, Electric field, z-component, Electric potential, 
% Length unit:        m
% x                       y                        z                        ec.Ex (V/m)              ec.Ey (V/m)              ec.Ez (V/m)              V (V)                    d(ec.Ex,x) (V/m^2)
0                         1.18E-4                  8.099999999999999E-5     -0.10711183874673225     29.63851435548122        34.52480022555869        0.005424555291600428     5169579.555602074
1.0E-6                    1.18E-4                  8.099999999999999E-5     5.0660580198738          30.557228834757638       34.487958812169175       0.00542207958693205      5204732.852177858
2.0E-6                    1.18E-4                  8.099999999999999E-5     8.777529722365443        32.0043490958044         35.205907077468055       0.005414988063198827     3365547.100368023
3.0E-6                    1.18E-4                  8.099999999999999E-5     11.178435241319676       35.05704280563123        34.90051080913821        0.0054049627185168165    2351275.1780400276
4.0E-6                    1.18E-4                  8.099999999999999E-5     13.041337787163286       38.86138929440503        34.51031673250017        0.005392590059595912     -357256.3656448126
4.9999999999999996E-6     1.18E-4                  8.099999999999999E-5     13.992218114070283       41.33618809452081        34.22731291900334        0.005379098421015417     199442.95364284515
6.0E-6                    1.18E-4                  8.099999999999999E-5     14.139436211026123       42.71488153299879        33.54436063773119        0.005365008166318235     759406.2088548541
7.0E-6                    1.18E-4                  8.099999999999999E-5     15.024291700527101       44.39965438133942        32.54999946707267        0.005350401759889893     805371.435886383
8.0E-6                    1.18E-4                  8.099999999999999E-5     15.746580139413709       44.65825290302064        31.231763988462262       0.005335261877648349     185719.31273174286
9.0E-6                    1.18E-4                  8.099999999999999E-5     15.8289628431898         45.04750466413837        28.13345842230973        0.0053194715277957594    115136.29693698883
9.999999999999999E-6      1.18E-4                  8.099999999999999E-5     15.146618001769866       45.351060483827155       24.532335825127575       0.0053037019952780744    -2432210.2800781727
1.1E-5                    1.18E-4                  8.099999999999999E-5     12.427134722524443       44.965793266177286       20.338595531932924       0.005289854952871801     -2138620.3148522377
1.2E-5                    1.18E-4                  8.099999999999999E-5     8.592183136165659        45.249613616405895       18.297285849664775       0.005278876204257433     -5228813.094124556
1.3E-5                    1.18E-4                  8.099999999999999E-5     2.708236606553214        45.03856393586193        18.516704187393884       0.00527299741038028      -5949538.1731745
1.4E-5                    1.18E-4                  8.099999999999999E-5     -2.303715138132077       45.089271724222726       17.638061301644598       0.00527240058486218      -2535860.962630093
1.4999999999999999E-5     1.18E-4                  8.099999999999999E-5     -4.839576100762756       44.534372494003094       21.442883303774124       0.00527597223048163      -2535860.962630093
1.6E-5                    1.18E-4                  8.099999999999999E-5     -7.077811631486611       43.50422418633131        25.450216112443456       0.005282030229267294     -2359081.749466896
1.7E-5                    1.18E-4                  8.099999999999999E-5     -6.673489978887339       43.40835579331497        27.60315734033299        0.005289075501607871     -116544.67726380192
1.8E-5                    1.18E-4                  8.099999999999999E-5     -6.790034656150109       42.19204074325984        29.057062512288418       0.005295807263925388     -116544.67726380192
1.8999999999999998E-5     1.18E-4                  8.099999999999999E-5     -6.961133880680862       40.39231218864302        31.305196582568897       0.005302705926716558     -124858.87704895437
1.9999999999999998E-5     1.18E-4                  8.099999999999999E-5     -5.4459937699753596      38.34237124634592        31.595081836657755       0.005308557486929544     498124.68864123523
2.1E-5                    1.18E-4                  8.099999999999999E-5     -4.947869081333607       35.89927319898845        32.03937240568871        0.005313754418355197     498124.68864123523
2.2E-5                    1.18E-4                  8.099999999999999E-5     -2.3763923229347483      33.526393227255454       32.67406145201721        0.005317676375861258     2890456.9185216427
2.3E-5                    1.18E-4                  8.099999999999999E-5     0.4012317985163918       30.855866643254522       32.94132749953471        0.005318650518625292     2757396.003098488
2.4E-5                    1.18E-4                  8.099999999999999E-5     4.271956687509032        28.463059969701966       32.81730833861337        0.0053165478720610965    4484536.857983589
2.4999999999999998E-5     1.18E-4                  8.099999999999999E-5     9.1805791795814          28.14270680782814        33.23566057803146        0.0053097559503498286    5137001.991185665
2.6E-5                    1.18E-4                  8.099999999999999E-5     14.444073872500212       29.916131051844786       32.64679310400652        0.005298060082201821     3476374.0122289658
2.7E-5                    1.18E-4                  8.099999999999999E-5     17.51664469842268        32.47340279748438        33.3621027895465         0.005282260418633168     1132220.387096867
2.8E-5                    1.18E-4                  8.099999999999999E-5     19.395342897088085       34.03372951813867        33.0382580555447         0.005264168142860834     544126.6713671535
2.9E-5                    1.18E-4                  8.099999999999999E-5     20.057740227004558       38.381494649867705       33.41742674832565        0.005244741848789981     878257.657772541
2.9999999999999997E-5     1.18E-4                  8.099999999999999E-5     20.558488372376416       40.605264440624296       33.38030656118758        0.005224268319800527     205037.19222410023
3.1E-5                    1.18E-4                  8.099999999999999E-5     20.763525564601366       41.93095600488846        33.09238348470467        0.0052036073128320405    205037.19222410023
3.2E-5                    1.18E-4                  8.099999999999999E-5     21.42277231126741        42.431276855912415       31.979688621908394       0.005182801633274595     563281.0599820614
3.2999999999999996E-5     1.18E-4                  8.099999999999999E-5     22.119488320146786       42.988387684372015       30.267457793757615       0.005161062982140589     741295.6236514151
3.4E-5                    1.18E-4                  8.099999999999999E-5     22.679547809166706       43.003138030352005       27.929762975393828       0.005138777261307066     1298647.303003788
3.5E-5                    1.18E-4                  8.099999999999999E-5     22.97779471066201        42.40938223259536        25.489606802572325       0.0051154932596294824    -411663.473742187
3.6E-5                    1.18E-4                  8.099999999999999E-5     22.527943454960223       42.32448205891552        20.818253481011993       0.005092681182490809     -3872026.9576587677
3.7E-5                    1.18E-4                  8.099999999999999E-5     18.126433920452428       42.048510531733996       17.815511589562107       0.005072281345233135     -4066711.544873357
3.7999999999999995E-5     1.18E-4                  8.099999999999999E-5     13.574816686386738       41.363127548086894       15.370976835072554       0.005056238920317432     -5233967.092876971
3.9E-5                    1.18E-4                  8.099999999999999E-5     8.363337911539645        40.54781457941442        15.873859299768128       0.005045270719452261     -5240569.845999122
3.9999999999999996E-5     1.18E-4                  8.099999999999999E-5     5.323665732624136        40.37916234785939        17.33172271571169        0.0050393568668718955    -2115334.8178225756
4.1E-5                    1.18E-4                  8.099999999999999E-5     1.989654611687314        38.92436562215889        20.415502070551305       0.0050359575417268905    -2215969.117602825
4.2E-5                    1.18E-4                  8.099999999999999E-5     1.169723344835404        37.88405468256457        22.865228182994656       0.005034410551410216     -769003.7368869781
4.2999999999999995E-5     1.18E-4                  8.099999999999999E-5     1.0359588438524554       36.45161241120695        25.036603390440405       0.005033513403282076     936195.1514028162
4.4E-5                    1.18E-4                  8.099999999999999E-5     1.192381618221816        34.82397602475805        26.300293513369667       0.005032237930298467     -373503.555829525
4.4999999999999996E-5     1.18E-4                  8.099999999999999E-5     1.4622640670049805       32.8275092972068         27.205950346739428       0.005031130132149595     1535272.4871538281
4.6E-5                    1.18E-4                  8.099999999999999E-5     2.8852391095871894       30.949464442186752       27.937381111680395       0.005028916871128183     1274627.6265027523
4.7E-5                    1.18E-4                  8.099999999999999E-5     5.086141962296097        28.02030465801363        27.82384466463941        0.0050249991172433926    4838114.614195481
4.8E-5                    1.18E-4                  8.099999999999999E-5     8.433450627127513        26.467184542495374       28.765412575853873       0.0050184166343513305    3760345.360427141
4.9E-5                    1.18E-4                  8.099999999999999E-5     11.807462470860628       25.390156712856026       28.3181753104368         0.005008248001984354     3407489.865222931
4.9999999999999996E-5     1.18E-4                  8.099999999999999E-5     16.19066601256153        24.43818148659102        28.840351932164822       0.004994280097495121     4455106.571215315
5.1E-5                    1.18E-4                  8.099999999999999E-5     20.645772583777976       26.82655804809906        29.42139968716606        0.00497586187819695      4455106.571215315
5.2E-5                    1.18E-4                  8.099999999999999E-5     22.678704154304228       29.535483885366716       29.639681530506437       0.00495395250565774      1423778.92790699
5.3E-5                    1.18E-4                  8.099999999999999E-5     23.342230975312077       31.914782562516677       29.74555482253936        0.004930700475499644     1253641.3906207085
5.4E-5                    1.18E-4                  8.099999999999999E-5     24.32389233716748        34.55438103990696        29.881804210854625       0.004906563912733366     -161417.17871716619
5.4999999999999995E-5     1.18E-4                  8.099999999999999E-5     24.162475158449354       36.114463057984835       29.975336983234456       0.004882320728985558     -161417.17871716619
5.6E-5                    1.18E-4                  8.099999999999999E-5     24.657449770729272       37.434137719208564       29.850145814377754       0.00485806887106751      732153.7724442482
5.6999999999999996E-5     1.18E-4                  8.099999999999999E-5     24.81274712873197        37.8106611551367         29.544537748565574       0.004833631031452076     869465.5258575305
5.8E-5                    1.18E-4                  8.099999999999999E-5     25.629268973845228       38.5792469999833         28.96926623817194        0.004808403237464076     809905.4682202339
5.9E-5                    1.18E-4                  8.099999999999999E-5     27.16921900626801        37.096918686739514       26.984176737388225       0.004781901857210489     529680.5505347252
5.9999999999999995E-5     1.18E-4                  8.099999999999999E-5     27.550764820686254       36.774965752985224       23.69351527987942        0.0047545049699845715    259799.75032520294
6.1E-5                    1.18E-4                  8.099999999999999E-5     27.054179581846483       36.90009824093295        19.065877104938835       0.004726970685831536     -2570513.092966795
6.2E-5                    1.18E-4                  8.099999999999999E-5     24.327176882177923       35.39884938038283        14.66793303554141        0.004701341231441699     -2736372.7460074425
6.3E-5                    1.18E-4                  8.099999999999999E-5     21.590804136170163       34.56504863243839        11.7617530709133         0.004678382240932526     -2736372.7460074425
6.4E-5                    1.18E-4                  8.099999999999999E-5     14.9368497344052         33.82040207555201        11.639547725526654       0.0046605895456377526    -4860835.108948253
6.5E-5                    1.18E-4                  8.099999999999999E-5     11.536667595069048       33.20740928276177        13.350652124256612       0.004647275352372516     -3220733.263290599
6.599999999999999E-5      1.18E-4                  8.099999999999999E-5     8.55939652372092         32.06144258710526        15.433484281255005       0.004637199745315335     -2156672.8510556817
6.7E-5                    1.18E-4                  8.099999999999999E-5     6.559788711442934        30.982760023541204       17.58537204403251        0.004629413416062661     -35457.397423267365
6.8E-5                    1.18E-4                  8.099999999999999E-5     6.741873454577423        29.701438760678002       19.405685734486383       0.004622790646431749     128077.76890719403
6.9E-5                    1.18E-4                  8.099999999999999E-5     6.482356955635112        28.158644563927645       20.7476876531872         0.004616187468587766     -213095.84670257568
7.0E-5                    1.18E-4                  8.099999999999999E-5     7.245550862630736        26.302264920862044       21.632806753291234       0.004609413417527697     692194.764460519
7.099999999999999E-5      1.18E-4                  8.099999999999999E-5     8.36652173890468         24.516220253077876       22.377395454069813       0.004601699404242519     2101684.687496662
7.2E-5                    1.18E-4                  8.099999999999999E-5     10.226581074239448       22.051218520482962       22.53885386462275        0.004592283129391551     1800751.968356967
7.3E-5                    1.18E-4                  8.099999999999999E-5     13.357675761173596       20.512636105187227       23.36772527918413        0.004580393214225899     2797345.019352913
7.4E-5                    1.18E-4                  8.099999999999999E-5     16.753880442535774       20.370012740204857       23.88145786916283        0.004565611193830077     3819107.4344363213
7.5E-5                    1.18E-4                  8.099999999999999E-5     20.441975034590996       20.857151951296505       24.04775607206102        0.004546825321498192     3271804.7523318827
7.599999999999999E-5      1.18E-4                  8.099999999999999E-5     22.58562943463835        22.318015021423548       24.182098176869943       0.004524786789816321     1849510.9284710884
7.7E-5                    1.18E-4                  8.099999999999999E-5     25.505784241177366       25.13090344057821        24.28633068982424        0.004500592311982257     2250936.795897007
7.8E-5                    1.18E-4                  8.099999999999999E-5     25.66985457182036        27.49881233103224        24.507040180177682       0.0044748994994505695    412145.8819005409
7.9E-5                    1.18E-4                  8.099999999999999E-5     25.640457925629022       29.574122575373167       24.41146221957547        0.004448981798486367     -1049057.132554613
7.999999999999999E-5      1.18E-4                  8.099999999999999E-5     25.133892789583683       30.76141535643803        25.10450715204138        0.004423728172308509     -529569.0842254162
8.099999999999999E-5      1.18E-4                  8.099999999999999E-5     24.604323705358112       31.372528077197202       25.53015498417851        0.004398859064061039     -529569.0842254162
8.2E-5                    1.18E-4                  8.099999999999999E-5     25.650937371674218       30.53154621940511        25.38366453049739        0.004373647729638199     173923.66240787506
8.3E-5                    1.18E-4                  8.099999999999999E-5     26.240227898456055       31.61693793051967        24.68813949226336        0.004348017840344374     1836011.2672309875
8.4E-5                    1.18E-4                  8.099999999999999E-5     28.174160593694978       30.85988255936047        23.60743655696706        0.004320950853391987     588550.1656844616
8.499999999999999E-5      1.18E-4                  8.099999999999999E-5     28.806937231755697       30.987481257258594       21.07307230157953        0.004292465765705982     -370315.9072074145
8.599999999999999E-5      1.18E-4                  8.099999999999999E-5     28.669140123416213       30.03470243368571        17.12072240187672        0.004263765148012826     -45017.907290935516
8.7E-5                    1.18E-4                  8.099999999999999E-5     27.223398248410774       29.336304767511677       12.44766292724978        0.004235510088898836     -3925980.001317024
8.8E-5                    1.18E-4                  8.099999999999999E-5     23.711933118492198       28.609138905107557       10.461663763932847       0.004210174924099665     -3734592.1799459457
8.9E-5                    1.18E-4                  8.099999999999999E-5     19.59869825709825        27.049209785826747       8.42380957319881         0.004188768216485524     -4818450.720232964
8.999999999999999E-5      1.18E-4                  8.099999999999999E-5     14.780247536862817       26.27569308497766        9.02490882735367         0.00417157874358854      -4818450.720232964
9.099999999999999E-5      1.18E-4                  8.099999999999999E-5     12.129493006097867       25.21482732524609        10.70838464566873        0.004157964558360602     -2058809.7150023691
9.2E-5                    1.18E-4                  8.099999999999999E-5     10.877648603350735       24.469619929204327       12.257759658121586       0.004146486445382372     -1199832.1672465801
9.3E-5                    1.18E-4                  8.099999999999999E-5     10.09235127377613        23.220840364494336       13.879063754334311       0.0041361732702521236    -230649.87891488514
9.4E-5                    1.18E-4                  8.099999999999999E-5     9.805843043452342        21.955643019020044       15.707217615699392       0.004126201633903606     -433126.0096037388
9.499999999999999E-5      1.18E-4                  8.099999999999999E-5     10.210634303444266       20.28987258315567        16.229139616039674       0.004116271876204079     1273779.0296550542
9.6E-5                    1.18E-4                  8.099999999999999E-5     11.488247207139217       18.910179586015488       17.119990109572882       0.004105365303738928     905861.6624500821
9.7E-5                    1.18E-4                  8.099999999999999E-5     13.15826312250249        16.67409448959981        17.127777183015723       0.004093291647183753     3350797.390593052
9.8E-5                    1.18E-4                  8.099999999999999E-5     16.03671387989391        15.779323411094907       18.055336667981464       0.004078678137397056     2910463.6407604218
9.9E-5                    1.18E-4                  8.099999999999999E-5     18.401551745460864       15.87503325339219        18.77191997512054        0.004061445997757116     2371000.778020188
9.999999999999999E-5      1.18E-4                  8.099999999999999E-5     21.776990963575827       16.369861799770888       19.14752999409791        0.004041197949171233     1912401.5593070984
1.01E-4                   1.18E-4                  8.099999999999999E-5     24.152863301834174       17.943762158715632       19.024241388578375       0.004018514266641986     3002818.3450746536
1.02E-4                   1.18E-4                  8.099999999999999E-5     24.98437449440769        20.244206764388835       19.230457246469825       0.003993645294038449     316049.31205940247
1.03E-4                   1.18E-4                  8.099999999999999E-5     24.658668919730417       22.03975034146697        19.675493874396125       0.003968748932421008     659652.4687232375
1.04E-4                   1.18E-4                  8.099999999999999E-5     24.456067770783392       24.37624349878689        20.185018086701916       0.003943787647747535     -236434.1743196845
1.0499999999999999E-4     1.18E-4                  8.099999999999999E-5     24.219633596463098       25.429877610821677       20.523000026236218       0.003919449797063912     -236434.1743196845
1.06E-4                   1.18E-4                  8.099999999999999E-5     23.680417655605197       25.828551798835804       21.04622834442472        0.0038954523199826838    514024.2355365753
1.07E-4                   1.18E-4                  8.099999999999999E-5     24.2662080777934         25.819792639802223       20.915795591187877       0.003871502896094376     94315.02210235596
1.08E-4                   1.18E-4                  8.099999999999999E-5     24.69671493985072        25.29045792315776        20.691428000583024       0.0038471411258322982    1156912.2413282394
1.0899999999999999E-4     1.18E-4                  8.099999999999999E-5     26.297868528302537       24.66684805727425        19.69731162716414        0.003821548317688317     868190.6846525222
1.0999999999999999E-4     1.18E-4                  8.099999999999999E-5     27.166059212954885       24.373707870479166       17.685466495878728       0.003794816353817689     868190.6846525222
1.11E-4                   1.18E-4                  8.099999999999999E-5     27.80325756338584        23.734692259009677       13.896200639442213       0.0037668246664990085    -363169.1372332573
1.12E-4                   1.18E-4                  8.099999999999999E-5     26.586565393987257       23.16558668586704        10.080071802080624       0.003739553852445433     -1515311.7253160477
1.13E-4                   1.18E-4                  8.099999999999999E-5     24.126364919835737       22.177780412896677       7.353633153727294        0.0037138803111797453    -4388523.331989288
1.1399999999999999E-4     1.18E-4                  8.099999999999999E-5     20.302187607359997       21.804526349179014       5.78699443885364         0.0036918550157051698    -3089764.826047182
1.1499999999999999E-4     1.18E-4                  8.099999999999999E-5     16.69282072308642        20.404746662340173       6.222237182575448        0.0036736016933053947    -2625220.574523449
1.16E-4                   1.18E-4                  8.099999999999999E-5     13.924744206909764       19.482454831442194       7.111202781769535        0.0036582484535506547    -3003504.5533185005
1.17E-4                   1.18E-4                  8.099999999999999E-5     12.113656147333813       18.593895756016437       8.605031361650049        0.0036454435468656838    -1257584.7607851028
1.18E-4                   1.18E-4                  8.099999999999999E-5     11.567316117344426       17.497163199555434       9.985685735592256        0.0036335176831253867    -425845.1041933559
1.1899999999999999E-4     1.18E-4                  8.099999999999999E-5     11.174800062239854       16.261179845804634       11.179921700463467       0.0036221834169171915    129148.95003323257
1.1999999999999999E-4     1.18E-4                  8.099999999999999E-5     11.303949012273335       15.11855686985615        12.25183323902786        0.003610944042379936     129148.95003323257
1.21E-4                   1.18E-4                  8.099999999999999E-5     12.720375732669709       13.903925865297197       12.861595564516847       0.0035988684499476432    1346738.7176761627
1.22E-4                   1.18E-4                  8.099999999999999E-5     13.920368975235306       12.382922663041114       13.518096106150438       0.003585555867733728     2229494.855540991
1.2299999999999998E-4     1.18E-4                  8.099999999999999E-5     16.149863830776553       11.408417879041025       13.703352531492897       0.0035705207513307227    2229494.855540991
1.24E-4                   1.18E-4                  8.099999999999999E-5     19.087601078307898       10.900128016594863       14.447416658929669       0.0035528935101704693    1973216.1513588428
1.25E-4                   1.18E-4                  8.099999999999999E-5     21.131485824215588       12.526542947134772       14.546841982520633       0.0035328125137052413    1958465.2134430408
1.26E-4                   1.18E-4                  8.099999999999999E-5     22.52233909257717        14.003970026716445       14.75225120235919        0.003510799162909178     1104169.7333667278
1.27E-4                   1.18E-4                  8.099999999999999E-5     23.62650882594494        16.239993308325325       15.314129780359735       0.003487724738949918     1104169.7333667278
1.28E-4                   1.18E-4                  8.099999999999999E-5     22.964343500374753       18.124043777263978       15.904514890213079       0.0034642564692939424    -1087026.6071047783
1.29E-4                   1.18E-4                  8.099999999999999E-5     22.779200564420933       19.30661693328173        15.785876709319382       0.0034415468327889344    -458707.2428789139
1.3E-4                    1.18E-4                  8.099999999999999E-5     21.66888770236119        20.447325374742455       16.531775756890283       0.0034191865808599316    65454.390208244324
1.3099999999999999E-4     1.18E-4                  8.099999999999999E-5     21.685727323865535       20.384137701296318       16.94175918093117        0.003397496792198005     -24649.864860773087
1.3199999999999998E-4     1.18E-4                  8.099999999999999E-5     21.66107745900436        20.165628858897993       17.195145611317187       0.00337582338980657      -24649.864860773087
1.33E-4                   1.18E-4                  8.099999999999999E-5     23.09943285786244        19.957875402544687       16.593309079649885       0.0033538428057399944    828306.9969863892
1.34E-4                   1.18E-4                  8.099999999999999E-5     23.828495312818404       19.639417556641064       16.382051242404714       0.00333080230440769      2731624.7093679905
1.35E-4                   1.18E-4                  8.099999999999999E-5     25.006545523807233       19.14483844963928        14.52327864239345        0.003306173474333417     597589.0300120115
1.36E-4                   1.18E-4                  8.099999999999999E-5     25.448894991473765       18.53289051856285        11.597175524868817       0.0032807857539201217    -675336.8387435675
1.37E-4                   1.18E-4                  8.099999999999999E-5     24.95289742966446        17.951134924486723       8.228535980529614        0.003255632689826194     -299756.21012341976
1.38E-4                   1.18E-4                  8.099999999999999E-5     22.924506581529613       16.85270337420684        5.0746401752703605       0.0032313089971392882    -4107240.608324349
1.39E-4                   1.18E-4                  8.099999999999999E-5     19.293104027625418       16.269093075328783       4.0477690357492975       0.0032103014990277753    -3340999.1508646607
1.4E-4                    1.18E-4                  8.099999999999999E-5     16.506670097262372       15.256127599002639       3.7614957356513514       0.003192467222552496     -2621141.239463687
1.4099999999999998E-4     1.18E-4                  8.099999999999999E-5     14.143772482039656       14.772866158029075       4.494101415973976        0.003177304488558084     -1685772.9501092434
1.4199999999999998E-4     1.18E-4                  8.099999999999999E-5     12.574381413312267       14.08253339723251        5.585435331646067        0.0031639651455838756    -1521864.4908299
1.43E-4                   1.18E-4                  8.099999999999999E-5     11.496058520776023       13.168899989355856       6.926558446530819        0.0031520770430460672    -238252.16101197898
1.44E-4                   1.18E-4                  8.099999999999999E-5     11.387081744765737       12.039648968826555       7.993054129797054        0.0031406800702415334    172143.70318460464
1.45E-4                   1.18E-4                  8.099999999999999E-5     11.689340601777872       10.93625178792928        8.819753642168394        0.0031292552949752656    687080.2467541248
1.46E-4                   1.18E-4                  8.099999999999999E-5     12.894902351355086       10.236656313342564       9.338068592768934        0.0031171848786190914    505124.4919908047
1.47E-4                   1.18E-4                  8.099999999999999E-5     14.056275691135511       8.632297526570483        9.926194802737257        0.0031040168014730626    2660269.0861973763
1.48E-4                   1.18E-4                  8.099999999999999E-5     15.744483815009715       8.302723696879994        10.346548339171747       0.003089071399902631     1590061.1949739456
1.49E-4                   1.18E-4                  8.099999999999999E-5     17.778722292226234       8.319285540913114        10.974450480119799       0.0030724416662560477    2340868.313550949
1.5E-4                    1.18E-4                  8.099999999999999E-5     19.637283549001268       9.553466995944746        11.203972607555045       0.0030535865765482185    1320417.9970636368
1.5099999999999998E-4     1.18E-4                  8.099999999999999E-5     20.688281988024983       11.39169956303158        11.63116661609854        0.003033328174751062     774678.8842816353
1.5199999999999998E-4     1.18E-4                  8.099999999999999E-5     20.538478310042706       12.891614801515516       11.875892894060598       0.003012314817797923     -62427.591464072466
1.53E-4                   1.18E-4                  8.099999999999999E-5     20.813274814877587       14.660475274654914       12.552865977760916       0.00299147911191025      -374723.82180547714
1.54E-4                   1.18E-4                  8.099999999999999E-5     20.172416083953692       15.676575322942028       12.61208349520718        0.002970904294804979     -1051285.6061692238
1.55E-4                   1.18E-4                  8.099999999999999E-5     19.270111729982336       16.100018159656074       12.990540259457092       0.0029512184803049007    -767029.8603645489
1.56E-4                   1.18E-4                  8.099999999999999E-5     19.061359484957734       16.20817221862859        13.407688388796686       0.002932139124313399     6962.138481974602
1.57E-4                   1.18E-4                  8.099999999999999E-5     19.152594472455462       16.200053316143027       13.564068427344623       0.002913007734302937     374054.5290117264
1.58E-4                   1.18E-4                  8.099999999999999E-5     19.760535856335622       15.840190694287344       13.635283293541761       0.0028936245670546923    1000966.3831402063
1.59E-4                   1.18E-4                  8.099999999999999E-5     21.032409598272324       15.351662844546468       13.298899951452768       0.0028732666879239576    897190.7028652877
1.5999999999999999E-4     1.18E-4                  8.099999999999999E-5     21.929600301137697       15.066129068963676       11.95432757145494        0.0028517856829742526    897190.7028652877
1.6099999999999998E-4     1.18E-4                  8.099999999999999E-5     22.057892704543065       14.956043519413925       9.10785598306984         0.0028290948133815955    -123774.59606337547
1.6199999999999998E-4     1.18E-4                  8.099999999999999E-5     22.41482501091872        14.081932250075113       6.970545360498079        0.002806358882124156     -1259025.3938570023
1.63E-4                   1.18E-4                  8.099999999999999E-5     20.877802091275896       13.419737450581806       4.3835169419103295       0.0027846458096090015    -1716759.3447032124
1.64E-4                   1.18E-4                  8.099999999999999E-5     18.079349086544084       12.60614463583272        2.8337783186245815       0.0027651381843773384    -2974281.252894342
1.65E-4                   1.18E-4                  8.099999999999999E-5     15.528985604315324       11.819819858519168       2.270367906166257        0.0027483955332125577    -2823093.453366637
1.66E-4                   1.18E-4                  8.099999999999999E-5     13.266905277072304       11.124873577776668       2.7735156137729007       0.002734099671872778     -1407470.0404862761
1.67E-4                   1.18E-4                  8.099999999999999E-5     11.993150652326591       10.433682890829644       3.6157521961979318       0.0027215302005718874    -1400714.3882832527
1.68E-4                   1.18E-4                  8.099999999999999E-5     10.958538915312019       9.643011036407271        4.810355207142663        0.00271017621891849      -463214.39840111136
1.69E-4                   1.18E-4                  8.099999999999999E-5     11.04304101114667        8.88202113085481         5.550054022921358        0.002699208488533905     -10491.732025921345
1.6999999999999999E-4     1.18E-4                  8.099999999999999E-5     11.357944143515567       7.76277969144401         6.492531050572333        0.0026881614897063576    859705.9520351887
1.7099999999999998E-4     1.18E-4                  8.099999999999999E-5     11.805536838959952       7.041498707368728        6.967328864945209        0.002676623622328912     589806.0248742104
1.7199999999999998E-4     1.18E-4                  8.099999999999999E-5     12.979462931285298       6.349757770040014        7.63681383410119         0.002664418869109008     1657759.4625643492
1.73E-4                   1.18E-4                  8.099999999999999E-5     14.637222393850212       6.09871350319435         7.903334657651154        0.002650610526446441     1657759.4625643492
1.74E-4                   1.18E-4                  8.099999999999999E-5     15.913831592721294       6.345272649813978        8.291137885932471        0.0026351692173438514    2469489.418412715
1.75E-4                   1.18E-4                  8.099999999999999E-5     17.812619062895692       7.524777191727111        8.732017896655407        0.0026181695295871663    937510.3029091358
1.76E-4                   1.18E-4                  8.099999999999999E-5     18.75012936580538        8.853833277737408        8.882577006252404        0.0025998881553728156    937510.3029091358
1.77E-4                   1.18E-4                  8.099999999999999E-5     18.65932470923748        10.331198815764992       9.359439174096565        0.0025811552131662944    -238793.2063612193
1.78E-4                   1.18E-4                  8.099999999999999E-5     18.13209022169849        11.369457064073913       9.110318055307289        0.0025626559692966135    -566718.4192421436
1.79E-4                   1.18E-4                  8.099999999999999E-5     17.507939662524336       12.454738799481717       10.033201739751462       0.0025449646659745514    -564604.9906640723
1.7999999999999998E-4     1.18E-4                  8.099999999999999E-5     17.050501913100902       12.55916400563865        10.218279127938601       0.002527697946021699     -564099.3407518864
1.8099999999999998E-4     1.18E-4                  8.099999999999999E-5     16.4834989388404         12.965376173808806       10.774551542534038       0.002510929817646674     -438303.84886050224
1.8199999999999998E-4     1.18E-4                  8.099999999999999E-5     16.867509855263506       12.703628025990156       11.224290317396562       0.002494352773939402     211347.27592682838
1.83E-4                   1.18E-4                  8.099999999999999E-5     17.078857131189864       12.55381759135733        11.187831454401891       0.0024773795904461755    211347.27592682838
1.84E-4                   1.18E-4                  8.099999999999999E-5     18.411490834294952       12.107248545421442       10.731897231475747       0.0024595994175376557    685503.4435836598
1.85E-4                   1.18E-4                  8.099999999999999E-5     19.096994277878558       11.80524927766001        9.730394349785302        0.002440845174981568     685503.4435836598
1.86E-4                   1.18E-4                  8.099999999999999E-5     20.269681525252906       11.226345957045709       7.94578104516313         0.0024212421039262145    1393597.8691984415
1.87E-4                   1.18E-4                  8.099999999999999E-5     19.800409933270544       10.656619702761532       5.41326721935593         0.0024010744918440334    -63779.78293341398
1.88E-4                   1.18E-4                  8.099999999999999E-5     18.881212918861994       10.063425830081044       2.853911419837601        0.002381587402460582     -1262490.4664149508
1.8899999999999999E-4     1.18E-4                  8.099999999999999E-5     16.233486973060053       9.504215095795985        1.7826618457429504       0.002364228530262564     -2221699.200612068
1.8999999999999998E-4     1.18E-4                  8.099999999999999E-5     14.234075829863627       8.874040287523258        1.3079388242536254       0.002348879340095108     -2789644.5506765842
1.9099999999999998E-4     1.18E-4                  8.099999999999999E-5     12.345330941987442       8.405475726850561        1.8647490035410783       0.0023358167511849663    -1434163.7180296183
1.92E-4                   1.18E-4                  8.099999999999999E-5     11.061353630970984       7.939400399314309        2.338402675104149        0.0023241950272612894    -681302.4089544415
1.93E-4                   1.18E-4                  8.099999999999999E-5     10.193275050951833       7.280468335432722        3.268551391476212        0.0023135661674325288    -864392.6137008667
1.94E-4                   1.18E-4                  8.099999999999999E-5     10.072138052874095       6.5094334655016155       4.0180788535360925       0.00230353685708948      148447.69734728336
1.95E-4                   1.18E-4                  8.099999999999999E-5     10.444108024605967       5.861417378446447        4.4816904249198615       0.0022933790602901994    513164.7805753369
1.96E-4                   1.18E-4                  8.099999999999999E-5     10.950808664103818       5.114207909600886        5.131130780041076        0.0022827800491685138    954740.8978165388
1.97E-4                   1.18E-4                  8.099999999999999E-5     11.905549561921362       4.658619891767131        5.622155300894292        0.002271351870055501     954740.8978165388
1.98E-4                   1.18E-4                  8.099999999999999E-5     13.274417643152447       4.344080288990867        6.0307322357158455       0.002258870746952365     1809804.1326627731
1.9899999999999999E-4     1.18E-4                  8.099999999999999E-5     14.554128430025912       4.826518113662999        6.480016287528372        0.002244949212552243     1115183.7585126162
1.9999999999999998E-4     1.18E-4                  8.099999999999999E-5     15.719799255929185       5.736386654639734        6.665434312505717        0.0022296994603835424    892705.6438218132
2.0099999999999998E-4     1.18E-4                  8.099999999999999E-5     16.20258083834551        7.02178019914453         6.899471155895583        0.0022135446478389075    388798.70078492165
2.02E-4                   1.18E-4                  8.099999999999999E-5     16.317426894329344       8.187216615844534        7.319016120031378        0.0021970831149598683    -549940.94192411
2.03E-4                   1.18E-4                  8.099999999999999E-5     15.763963125568125       9.15860168759042         7.7793705841957035       0.002181044217988773     -457459.26706659794
2.04E-4                   1.18E-4                  8.099999999999999E-5     15.259601975506882       9.93960757962077         8.046067004093402        0.002165445880383442     -436984.82773990184
2.05E-4                   1.18E-4                  8.099999999999999E-5     14.764285391198882       10.40133105408151        8.449415700578072        0.0021504339953703306    -459916.34931874275
2.06E-4                   1.18E-4                  8.099999999999999E-5     14.3043690418801         10.30247313407655        8.78719912052809         0.0021358996681537915    -459916.34931874275
2.07E-4                   1.18E-4                  8.099999999999999E-5     14.387440215748711       10.188321598482176       9.082846873995607        0.0021217077511283488    699562.6122399569
2.08E-4                   1.18E-4                  8.099999999999999E-5     15.087002827988613       9.97120559107637         9.243837757744018        0.0021069705296064807    699562.6122399569
2.0899999999999998E-4     1.18E-4                  8.099999999999999E-5     15.711437597486594       9.77860704355038         8.757007996603875        0.002091640643303106     1003371.5200958252
2.0999999999999998E-4     1.18E-4                  8.099999999999999E-5     16.777714751773942       9.37699271021421         7.496821332029768        0.0020753903441400583    1027419.3529417515
2.1099999999999998E-4     1.18E-4                  8.099999999999999E-5     18.406732911914105       9.411122426871998        6.1997674388793484       0.0020580170953628874    2646856.159864664
2.12E-4                   1.18E-4                  8.099999999999999E-5     17.437391853635575       8.314224406620326        4.18789477681554         0.0020402776818921344    -866212.861771822
2.13E-4                   1.18E-4                  8.099999999999999E-5     16.57117899186403        8.030766288067412        2.33090302406481         0.002023273396469385     -866212.861771822
2.14E-4                   1.18E-4                  8.099999999999999E-5     14.962877097410221       7.277974481809224        1.1309232314306428       0.002007660617594343     -1214901.097651193
2.15E-4                   1.18E-4                  8.099999999999999E-5     12.548036219269022       6.9567858298250655       0.5867790363569725       0.001993928117649573     -2362830.6037631035
2.16E-4                   1.18E-4                  8.099999999999999E-5     11.019954628054307       6.501295092804849        0.8845683547298435       0.001982327493611768     -893126.7044909
2.17E-4                   1.18E-4                  8.099999999999999E-5     10.03109255151378        5.963131808785192        1.5664073134928458       0.001971759560176964     -1143107.7800018787
2.1799999999999999E-4     1.18E-4                  8.099999999999999E-5     9.111059267939481        5.552980751043265        1.9357760050672823       0.0019621185671165357    131004.4778482914
2.1899999999999998E-4     1.18E-4                  8.099999999999999E-5     9.205805301176042        4.869225083877154        2.8758742983299044       0.0019529315900058554    -94278.94455516338
2.1999999999999998E-4     1.18E-4                  8.099999999999999E-5     9.496238187866425        4.377866201111942        3.459305100083327        0.001943718717053317     198634.3417174816
2.2099999999999998E-4     1.18E-4                  8.099999999999999E-5     9.953485768755797        3.742331932261891        3.8431929388201524       0.0019340829395439012    808621.9765993357
2.22E-4                   1.18E-4                  8.099999999999999E-5     10.705394803931313       3.3408056483614246       4.2568702344731975       0.001923753585779213     779219.9886124134
2.23E-4                   1.18E-4                  8.099999999999999E-5     11.956328390061485       3.1824012615283124       4.670200159418897        0.0019125396462771071    1009994.7452017844
2.24E-4                   1.18E-4                  8.099999999999999E-5     13.050975092211672       3.5614838347815905       4.895310449386159        0.0019000534582793542    723671.2251902223
2.25E-4                   1.18E-4                  8.099999999999999E-5     13.950976041561207       4.4516852725613205       5.3469837513236484       0.0018865547044195664    582086.4185719443
2.26E-4                   1.18E-4                  8.099999999999999E-5     14.290200584584795       5.637948103101692        5.485352505448759        0.0018723440747473764    331667.5331134796
2.27E-4                   1.18E-4                  8.099999999999999E-5     14.34227621749858        6.655875227121214        5.883961898479214        0.001857936740496156     -515739.21815764904
2.2799999999999999E-4     1.18E-4                  8.099999999999999E-5     13.826536999341215       7.542390936942525        6.100132437900527        0.0018438523338877358    -515739.21815764904
2.2899999999999998E-4     1.18E-4                  8.099999999999999E-5     13.12389490476744        8.001947518298294        6.556911181649241        0.0018303765910436256    -644216.4160857201
2.2999999999999998E-4     1.18E-4                  8.099999999999999E-5     12.805877532840725       8.400382999578994        6.894724773031896        0.0018173970778437285    -387574.0507784188
2.3099999999999998E-4     1.18E-4                  8.099999999999999E-5     12.448346795832322       8.27278639874379         7.103224011615836        0.0018047959708207772    -180876.74498390034
2.32E-4                   1.18E-4                  8.099999999999999E-5     12.515112501251053       8.19873504101065         7.371744744131263        0.001792416587891542     372789.02185189724
2.33E-4                   1.18E-4                  8.099999999999999E-5     13.05147425123721        8.03428243630458         7.547879322587271        0.0017796882505695633    859347.2258849144
2.34E-4                   1.18E-4                  8.099999999999999E-5     13.579109895984029       7.678935911168395        7.446047710866935        0.0017663269044013857    1116817.8704403853
2.35E-4                   1.18E-4                  8.099999999999999E-5     14.695927766424521       7.418085440503745        6.5602213471333926       0.001752189385570182     1116817.8704403853
2.36E-4                   1.18E-4                  8.099999999999999E-5     15.470003580768832       7.244780126516844        5.397209130447379        0.0017371268520690107    449621.59285724163
2.37E-4                   1.18E-4                  8.099999999999999E-5     15.249438735091474       6.772055847495494        3.6838266819520413       0.0017215941516435496    -742439.693253696
2.3799999999999998E-4     1.18E-4                  8.099999999999999E-5     14.690894098835315       6.376406550325328        1.6634060187582236       0.0017066847351566482    -223487.05094718933
2.3899999999999998E-4     1.18E-4                  8.099999999999999E-5     13.199447960010275       5.380655326071633        0.5817749613834451       0.0016927865204875829    -2242236.8651039302
2.3999999999999998E-4     1.18E-4                  8.099999999999999E-5     11.378528446591773       5.355511373520585        0.19441677533316692      0.0016806512794240234    -1385428.1009570807
2.4099999999999998E-4     1.18E-4                  8.099999999999999E-5     9.914132488847727        5.0574291686595245       0.3067550204922753       0.0016700472112821196    -1170583.4893389568
2.42E-4                   1.18E-4                  8.099999999999999E-5     8.998943034562103        4.568766346332026        1.1105025329775913       0.0016606348757091686    -633998.2778418064
2.43E-4                   1.18E-4                  8.099999999999999E-5     8.414254795975921        4.173790422328125        1.4492005613335763       0.0016519570634069346    -532815.9097569287
2.44E-4                   1.18E-4                  8.099999999999999E-5     8.128210016371028        3.697015712429163        1.9355421977200962       0.001643785308492865     429880.5759897232
2.45E-4                   1.18E-4                  8.099999999999999E-5     8.55809059236043         3.108984323938273        2.527265167117264        0.0016354421581884998    429880.5759897232
2.4599999999999996E-4     1.18E-4                  8.099999999999999E-5     8.647717462032631        2.8955163667073975       3.2460404155922333       0.001626724539553501     137313.32754677534
2.47E-4                   1.18E-4                  8.099999999999999E-5     9.630143364289438        2.4040282872227863       3.2786942813570192       0.0016174514268557125    816021.8512682915
2.48E-4                   1.18E-4                  8.099999999999999E-5     10.595712644716343       2.5005166515839825       3.579711634112911        0.0016073679358577756    1062581.825191915
2.49E-4                   1.18E-4                  8.099999999999999E-5     11.436192738995999       2.7991709175541075       3.9114818741359443       0.0015962737142712442    536576.1751408577
2.5E-4                    1.18E-4                  8.099999999999999E-5     12.143938986651959       3.4569373779485773       4.09239898008741         0.0015843292882052988    586951.5992793952
2.51E-4                   1.18E-4                  8.099999999999999E-5     12.730890585931071       4.503483644604991        4.346625956120761        0.0015718918734190079    586951.5992793952
2.52E-4                   1.18E-4                  8.099999999999999E-5     12.402087109147999       5.4708148226105635       4.570185263606902        0.001559199114303721     -224861.65770673752
2.5299999999999997E-4     1.18E-4                  8.099999999999999E-5     12.114561883675549       6.081507086809893        4.949907212657251        0.0015469135971182062    -675889.8097755313
2.54E-4                   1.18E-4                  8.099999999999999E-5     11.549592105994748       6.745675466277952        5.060687771574237        0.0015351370485706276    -454155.13425982
2.5499999999999996E-4     1.18E-4                  8.099999999999999E-5     11.107631785542026       6.717933220900534        5.489800467790019        0.0015238608972120886    -335274.1992088556
2.56E-4                   1.18E-4                  8.099999999999999E-5     10.830387043975968       6.824646358451687        5.816938787204606        0.001512918757997572     -203346.11592486314
2.57E-4                   1.18E-4                  8.099999999999999E-5     10.907474386459342       6.739126260361559        5.973374728844476        0.0015020706707802587    202650.1339839697
2.58E-4                   1.18E-4                  8.099999999999999E-5     11.110124520443605       6.577562089515652        6.207838208610525        0.0014910618713268077    202650.1339839697
2.59E-4                   1.18E-4                  8.099999999999999E-5     12.067610774426953       6.259791719365765        6.153811763778435        0.0014794758231500677    626101.3775191307
2.6E-4                    1.18E-4                  8.099999999999999E-5     12.693712151945533       5.976564410654817        5.492460729709023        0.0014670951616868816    626101.3775191307
2.61E-4                   1.18E-4                  8.099999999999999E-5     13.534843227603687       5.689028534932504        4.39212576193097         0.0014540306717842019    984517.7371281385
2.6199999999999997E-4     1.18E-4                  8.099999999999999E-5     13.445118267539378       5.448177038864458        2.61030391899385         0.0014404521422409354    -500852.91522108996
2.63E-4                   1.18E-4                  8.099999999999999E-5     12.807084508874766       5.066537689526342        1.2471787930480787       0.0014272739483018433    -656657.0790700912
2.6399999999999997E-4     1.18E-4                  8.099999999999999E-5     11.61087536382982        4.659070833279863        0.349339218846481        0.0014149713032421372    -1730973.8763492107
2.65E-4                   1.18E-4                  8.099999999999999E-5     10.12865491432592        4.330342594193731        0.06552866610627461      0.0014041548557035227    -1299606.3396514654
2.66E-4                   1.18E-4                  8.099999999999999E-5     8.812433351496225        4.015098984316779        0.0034767262549166844    0.0013947288165069406    -635677.2229230404
2.67E-4                   1.18E-4                  8.099999999999999E-5     8.083344362559416        3.5903005216381416       0.3482703911921021       0.0013862510111424572    -895533.7439526916
2.68E-4                   1.18E-4                  8.099999999999999E-5     7.576413417425783        3.150638023962273        1.031157671304868        0.0013785431307074669    34370.85988146067
2.69E-4                   1.18E-4                  8.099999999999999E-5     7.4704815112941105       2.7590076532585464       1.4827960787320364       0.0013710064779501728    -135421.37402009964
2.7E-4                    1.18E-4                  8.099999999999999E-5     7.532762159979072        2.3646163376516114       1.9171353308558992       0.001363573776446137     292597.4240316786
2.71E-4                   1.18E-4                  8.099999999999999E-5     7.952217999705802        2.0514694304039267       2.255032819619828        0.0013558832674250801    690267.1082361694
2.72E-4                   1.18E-4                  8.099999999999999E-5     8.725569448946544        1.6129142598761064       2.561533895713609        0.0013475860292514992    526004.9099464417
2.7299999999999997E-4     1.18E-4                  8.099999999999999E-5     9.454163151448796        1.808680371276182        2.8049894943209317       0.00133853750870385      849147.7586168051
2.74E-4                   1.18E-4                  8.099999999999999E-5     10.303310910065875       2.0992905539455364       3.030761430393369        0.0013286587716730925    849147.7586168051
2.7499999999999996E-4     1.18E-4                  8.099999999999999E-5     10.690776487001585       2.7861951346908143       3.3639036767744983       0.0013181040919824942    366197.37464368343
2.76E-4                   1.18E-4                  8.099999999999999E-5     11.09478790647728        3.6709187046949125       3.520504963861228        0.001307038995544617     45507.44294178486
2.77E-4                   1.18E-4                  8.099999999999999E-5     10.92150744586877        4.5127963883507505       3.817066274568276        0.001295949404969022     -184553.082305789
2.78E-4                   1.18E-4                  8.099999999999999E-5     10.545824155510417       5.231648210569688        4.009135507377948        0.0012851815595788648    -528891.9287942201
2.79E-4                   1.18E-4                  8.099999999999999E-5     10.07757853165424        5.549589012092127        4.299483353050306        0.0012748991394851607    -344081.7091513276
2.8E-4                    1.18E-4                  8.099999999999999E-5     9.683186186798125        5.656520217191812        4.589762724172104        0.0012650577286150118    -199792.73040984082
2.81E-4                   1.18E-4                  8.099999999999999E-5     9.44369696425008         5.620032101740321        4.794673835980916        0.0012555070199023316    -666614.5191860199
2.8199999999999997E-4     1.18E-4                  8.099999999999999E-5     9.481791124618951        5.55566378367331         5.136489428503779        0.001246048050941231     274041.30834132433
2.83E-4                   1.18E-4                  8.099999999999999E-5     9.755832432959977        5.34251930360891         5.292286690037514        0.0012364292391624416    274041.30834132433
2.8399999999999996E-4     1.18E-4                  8.099999999999999E-5     10.541878310181218       5.11558853717159         5.229894405401495        0.0012263317019326823    913992.9204640538
2.85E-4                   1.18E-4                  8.099999999999999E-5     11.094601830402041       4.880320395160368        4.747058907661007        0.001215453832834871     402822.2273892164
2.86E-4                   1.18E-4                  8.099999999999999E-5     11.714505499040143       4.545275747640545        3.6286967387657114       0.0012039640620958548    97712.64828419685
2.87E-4                   1.18E-4                  8.099999999999999E-5     12.025199912708558       4.876254878691043        2.249703780717681        0.0011920902171142318    302677.18471717834
2.88E-4                   1.18E-4                  8.099999999999999E-5     11.308019337706725       3.9396514471650335       0.8261962392801934       0.0011803623193346535    -1365544.2691320628
2.89E-4                   1.18E-4                  8.099999999999999E-5     10.275768507144662       3.746488179855568        0.22807615990205932      0.0011696146639539118    -972160.6936129183
2.9E-4                    1.18E-4                  8.099999999999999E-5     9.237586541269366        3.3499819928630643       -0.3272470594723984      0.001159942210779618     -1267254.8854380846
2.9099999999999997E-4     1.18E-4                  8.099999999999999E-5     7.941808931013895        3.1403928232999334       -0.1764779583565499      0.001151398141704876     -1149657.9447017908
2.92E-4                   1.18E-4                  8.099999999999999E-5     7.190722292286182        2.7920316729313868       0.17726801941267922      0.001143946188149631     -415088.36914125085
2.9299999999999997E-4     1.18E-4                  8.099999999999999E-5     6.810449820923296        2.4834807571721456       0.5906167769510375       0.0011369577648892893    -300732.14802247286
2.94E-4                   1.18E-4                  8.099999999999999E-5     6.597093579492537        2.126257696541856        1.0315087792807773       0.0011303031055211322    189299.86976778507
2.9499999999999996E-4     1.18E-4                  8.099999999999999E-5     6.786393449260515        1.811133337646888        1.4154454730714008       0.001123611362006756     189299.86976778507
2.96E-4                   1.18E-4                  8.099999999999999E-5     7.11444444304496         1.4380900658677547       1.7417611324592883       0.0011166036403707621    748339.7206477113
2.97E-4                   1.18E-4                  8.099999999999999E-5     7.739080345569008        1.2519300456181819       1.9365616204353593       0.0011091983898224756    848792.9608906507
2.98E-4                   1.18E-4                  8.099999999999999E-5     8.407872504680611        1.4216428951150988       2.216683952169319        0.0011010746027302776    541073.7415273786
2.99E-4                   1.18E-4                  8.099999999999999E-5     9.176197340442798        1.7113042564236451       2.485062156641135        0.001092335588265933     426440.52926921844
3.0E-4                    1.18E-4                  8.099999999999999E-5     9.602637869712112        2.227093671522468        2.6943213936060744       0.0010829461706608557    426440.52926921844
3.01E-4                   1.18E-4                  8.099999999999999E-5     9.87302441119644         3.006739770555839        2.929515164719021        0.0010731577000949516    -248781.7789549306
3.0199999999999997E-4     1.18E-4                  8.099999999999999E-5     9.628238551636343        3.732662362886771        3.1366119007732323       0.0010634155648445386    -202074.39827632904
3.03E-4                   1.18E-4                  8.099999999999999E-5     9.242147585087451        4.399696476465692        3.332836236622029        0.0010539065965587387    -870164.5699335039
3.0399999999999996E-4     1.18E-4                  8.099999999999999E-5     8.79981156544295         4.680943718229201        3.535491541133979        0.0010448611488473078    -349183.782550225
3.05E-4                   1.18E-4                  8.099999999999999E-5     8.450627782892614        4.757927078325644        3.8024954119881613       0.0010362359291731396    -349183.782550225
3.06E-4                   1.18E-4                  8.099999999999999E-5     8.37655224737307         4.71048259725319         4.095206278561562        0.0010278651241812774    -50765.049540400505
3.07E-4                   1.18E-4                  8.099999999999999E-5     8.253271182132323        4.608629392654137        4.360812667053949        0.0010195606333818705    -25241.794440746307
3.08E-4                   1.18E-4                  8.099999999999999E-5     8.604096796680167        4.5224933113570245       4.517896381021416        0.001011201466237308     559128.8613765836
3.09E-4                   1.18E-4                  8.099999999999999E-5     9.03019455321845         4.273555333125358        4.486834356099564        0.0010022888685406058    287106.0781567097
3.1E-4                    1.18E-4                  8.099999999999999E-5     9.811667045568754        3.955502243347709        3.9732335891170862       9.928585670335136E-4     727500.5498919487
3.1099999999999997E-4     1.18E-4                  8.099999999999999E-5     10.634521348263945       3.7397380505051956       3.219025881949392        9.82629770839191E-4      -284476.7143577412
3.12E-4                   1.18E-4                  8.099999999999999E-5     10.334998930417697       3.663491293465853        2.147007431094771        9.721394312631648E-4     -236360.31056684256
3.1299999999999996E-4     1.18E-4                  8.099999999999999E-5     10.284199597220493       3.3362188173184393       0.6702304874324341       9.618212528366395E-4     -56498.31958591938
3.14E-4                   1.18E-4                  8.099999999999999E-5     9.150976949199496        2.991315205395985        -0.06680339195934515     9.521006057265268E-4     -1327855.7059473991
3.1499999999999996E-4     1.18E-4                  8.099999999999999E-5     8.065699967194973        2.5512168502785357       -0.3646538115018245      9.435222957746498E-4     -1005809.260828197
3.16E-4                   1.18E-4                  8.099999999999999E-5     7.261605018261207        2.5347677733568332       -0.5052287655936993      9.359779819678578E-4     -985220.2748395801
3.17E-4                   1.18E-4                  8.099999999999999E-5     6.416033970722943        2.21294178395911         -0.02090602285954901     9.291982012492652E-4     -218861.506943729
3.18E-4                   1.18E-4                  8.099999999999999E-5     6.104115813188983        1.919668935747481        0.35773350616649946      9.229388713309662E-4     -173098.14662301913
3.19E-4                   1.18E-4                  8.099999999999999E-5     5.954913035731465        1.6296129970641555       0.7407631971342425       9.169184737663805E-4     -149197.0596023798
3.1999999999999997E-4     1.18E-4                  8.099999999999999E-5     6.181087638654198        1.340979568138664        1.0841531500830115       9.108987011282149E-4     255715.3219711514
3.21E-4                   1.18E-4                  8.099999999999999E-5     6.4496876062374895       1.1160135595159772       1.2851199175238435       9.046272920909973E-4     450156.2573374659
3.2199999999999997E-4     1.18E-4                  8.099999999999999E-5     6.913877349166154        0.9776002789144176       1.5964511974830629       8.979488944610948E-4     379711.8740370055
3.23E-4                   1.18E-4                  8.099999999999999E-5     7.541948897060422        1.0566674887502643       1.8255266086051165       8.907344935333704E-4     611470.7412959337
3.2399999999999996E-4     1.18E-4                  8.099999999999999E-5     8.172426521085498        1.2404726558019092       2.0194762141431575       8.828803986743899E-4     628810.4697868377
3.25E-4                   1.18E-4                  8.099999999999999E-5     8.506960952118561        1.9212844813759489       2.2651885844167055       8.7456523936934E-4       377150.20139143243
3.26E-4                   1.18E-4                  8.099999999999999E-5     8.884111153509771        2.525509171142673        2.3549213515668725       8.658697033165254E-4     377150.20139143243
3.27E-4                   1.18E-4                  8.099999999999999E-5     8.596791342883401        3.199784185422402        2.603494687878566        8.572205322904127E-4     -342611.592854945
3.28E-4                   1.18E-4                  8.099999999999999E-5     8.178830307193856        3.5598090983372437       2.8174065300661226       8.488258473773574E-4     -434406.8499971628
3.29E-4                   1.18E-4                  8.099999999999999E-5     7.826110504222882        3.9593419196692423       2.995060434092693        8.408370876396959E-4     -345296.8600638807
3.3E-4                    1.18E-4                  8.099999999999999E-5     7.464072796979906        4.037528390865781        3.2350900638847406       8.332348027281067E-4     -81448.24718787335
3.3099999999999997E-4     1.18E-4                  8.099999999999999E-5     7.315490255930094        3.9528324748839765       3.485365323450111        8.258285963987262E-4     -195253.07089272141
3.32E-4                   1.18E-4                  8.099999999999999E-5     7.218054711415505        3.850502558750147        3.6690849722688625       8.186043898112187E-4     469654.69177366793
3.3299999999999996E-4     1.18E-4                  8.099999999999999E-5     7.687709403188975        3.7126634856374245       3.8456363453966986       8.111515077539165E-4     469654.69177366793
3.34E-4                   1.18E-4                  8.099999999999999E-5     8.14718648881815         3.522407475368709        3.5864096838565587       8.032750850790125E-4     386665.7570837438
3.35E-4                   1.18E-4                  8.099999999999999E-5     8.662247915249267        3.350238177529917        3.3687460098848305       7.949663344405019E-4     720106.8234790564
3.36E-4                   1.18E-4                  8.099999999999999E-5     9.415218050761359        3.1769388627813555       2.6658062816217125       7.859378573492838E-4     -126813.36278609339
3.37E-4                   1.18E-4                  8.099999999999999E-5     9.153646822917096        2.957939655173959        1.97171446737849         7.766308951579747E-4     219432.21762394905
3.38E-4                   1.18E-4                  8.099999999999999E-5     9.229590426345226        2.6494715237906927       0.5442348950648324       7.673734792447472E-4     -1333792.3115767837
3.39E-4                   1.18E-4                  8.099999999999999E-5     8.149815441362676        2.415874045703873        -0.1483038887299699      7.588118783795259E-4     -995344.2493573129
3.3999999999999997E-4     1.18E-4                  8.099999999999999E-5     7.221056982295906        2.1981612207672825       -0.4445862472235831      7.51103125376174E-4      -838655.2858375609
3.41E-4                   1.18E-4                  8.099999999999999E-5     6.406464139255895        2.0185512959538627       -0.39880465494407247     7.442499491124881E-4     -978055.6380085647
3.4199999999999996E-4     1.18E-4                  8.099999999999999E-5     5.780313621308892        1.7501214337796451       -0.16027541442618798     7.382300806463675E-4     -381531.49814116955
3.43E-4                   1.18E-4                  8.099999999999999E-5     5.5345649018575465       1.500493410875377        0.22924197182360473      7.325945628728034E-4     -187528.768418625
3.4399999999999996E-4     1.18E-4                  8.099999999999999E-5     5.492544055212903        1.2230330900821116       0.47797619791268176      7.271654703381778E-4     74835.9747479856
3.45E-4                   1.18E-4                  8.099999999999999E-5     5.518454958305085        1.009142356718506        0.8081596094233419       7.217066614728645E-4     235798.774207592
3.46E-4                   1.18E-4                  8.099999999999999E-5     5.740583678097202        0.7849275223957477       1.0201712184295388       7.160716582499438E-4     192709.22894262522
3.47E-4                   1.18E-4                  8.099999999999999E-5     6.205034365223163        0.679391489243045        1.2733325532530841       7.100996226979553E-4     412219.89443732053
3.48E-4                   1.18E-4                  8.099999999999999E-5     6.834890343815772        0.7152775615618552       1.4376672664782078       7.03635167196306E-4      760011.8279160261
3.4899999999999997E-4     1.18E-4                  8.099999999999999E-5     7.21670657621258         0.997021222123557        1.6475850038738953       6.965568552806074E-4     277486.37978988886
3.5E-4                    1.18E-4                  8.099999999999999E-5     7.684248868695178        1.5470646292604897       1.7854296411045425       6.891157143512293E-4     486665.9160749242
3.5099999999999997E-4     1.18E-4                  8.099999999999999E-5     7.915281455945006        2.1892023530491542       2.016850755889479        6.813301853279024E-4     -466676.5566305518
3.52E-4                   1.18E-4                  8.099999999999999E-5     7.521548934574156        2.7974156434653707       2.1690892691038073       6.736369418884919E-4     -249812.1000432968
3.5299999999999996E-4     1.18E-4                  8.099999999999999E-5     7.349867530689352        3.1839935099937406       2.299429918663691        6.662197721697583E-4     -117871.66155207157
3.54E-4                   1.18E-4                  8.099999999999999E-5     6.877530391405585        3.327799037002523        2.502694783720753        6.591028521911826E-4     -266677.05244109035
3.55E-4                   1.18E-4                  8.099999999999999E-5     6.610853338964574        3.4183730460724178       2.740947914508048        6.523586603259975E-4     -266677.05244109035
3.56E-4                   1.18E-4                  8.099999999999999E-5     6.485942198406377        3.318534863517698        2.9594987720520294       6.458077857238016E-4     -173084.02713272115
3.57E-4                   1.18E-4                  8.099999999999999E-5     6.506662028556384        3.2863722424065642       3.1452455095544085       6.393471290951623E-4     150912.53183108568
3.58E-4                   1.18E-4                  8.099999999999999E-5     6.657574560387459        3.1573864061004997       3.3427892201391245       6.327650108006906E-4     150912.53183108568
3.59E-4                   1.18E-4                  8.099999999999999E-5     7.195263133225168        2.9762232201123417       3.2886587001604397       6.25808867430892E-4      355902.1439267099
3.5999999999999997E-4     1.18E-4                  8.099999999999999E-5     7.726725763559024        2.7874619358819146       2.9627890054969725       6.184083990090672E-4     476905.94312541187
3.61E-4                   1.18E-4                  8.099999999999999E-5     8.207511315335054        2.6460196271253835       2.356378793919589        6.104382983352452E-4     471144.51271264255
3.6199999999999996E-4     1.18E-4                  8.099999999999999E-5     8.335958250222209        2.5054123599466003       1.5041107745387947       6.020993625486575E-4     -216115.48556435108
3.63E-4                   1.18E-4                  8.099999999999999E-5     8.11984276465796         2.1919623775041828       0.36861064402594934      5.938714620412173E-4     -216115.48556435108
3.6399999999999996E-4     1.18E-4                  8.099999999999999E-5     7.360394042454828        2.0100035746796436       0.05632770737011583      5.861488573180491E-4     -857299.3827044219
3.65E-4                   1.18E-4                  8.099999999999999E-5     6.465066242850526        1.821834208277437        -0.5185989373750317      5.792405840392156E-4     -1141812.6082366705
3.66E-4                   1.18E-4                  8.099999999999999E-5     5.793787267524436        1.6493889889668765       -0.4641350759244176      5.730803900821063E-4     -737263.6365767717
3.67E-4                   1.18E-4                  8.099999999999999E-5     5.228114474046265        1.3860356420386992       -0.27005626383931336     5.67647828639364E-4      -258665.4852462411
3.68E-4                   1.18E-4                  8.099999999999999E-5     4.988532615949879        1.1575754327959231       -0.008784986128489436    5.625341067910765E-4     -255118.23803305626
3.6899999999999997E-4     1.18E-4                  8.099999999999999E-5     4.894814020986971        0.9741889329601605       0.3342858087101419       5.576342854732041E-4     38009.1115796566
3.7E-4                    1.18E-4                  8.099999999999999E-5     4.971373472297838        0.7732345169254073       0.6002240938099166       5.527079911263759E-4     97549.07012861967
3.7099999999999996E-4     1.18E-4                  8.099999999999999E-5     5.213780871597091        0.5878667403927409       0.8126415727210201       5.476412963861092E-4     311324.8062911881
3.72E-4                   1.18E-4                  8.099999999999999E-5     5.619332468727638        0.4835448190476672       0.9868279007684426       5.422600052478564E-4     647084.9044038653
3.7299999999999996E-4     1.18E-4                  8.099999999999999E-5     6.113842088634815        0.5415252219657019       1.1983605765612886       5.363515775481233E-4     324535.7731479403
3.74E-4                   1.18E-4                  8.099999999999999E-5     6.542939120441266        0.8395522019671944       1.3496877452778122       5.300592904431264E-4     613908.590550553
3.75E-4                   1.18E-4                  8.099999999999999E-5     6.949684575968973        1.3040074627198237       1.608340843241507        5.232962280622661E-4     -113029.68044117093
3.76E-4                   1.18E-4                  8.099999999999999E-5     6.874629967548174        1.8440481276936396       1.6946565708468313       5.164018865428439E-4     301138.64448457956
3.77E-4                   1.18E-4                  8.099999999999999E-5     6.74799516245514         2.1929645185089157       1.8658693165967222       5.095487725893439E-4     -213866.28892469406
3.7799999999999997E-4     1.18E-4                  8.099999999999999E-5     6.467261332142556        2.66620178230545         1.9525344471990707       5.028932880924501E-4     -416937.3477757722
3.79E-4                   1.18E-4                  8.099999999999999E-5     6.1652304931663195       2.8535171684606553       2.1763756482626633       4.965634437658814E-4     -386703.1083441973
3.7999999999999997E-4     1.18E-4                  8.099999999999999E-5     5.860406763702656        2.954626813378354        2.3762648329873457       4.905290100322E-4        -117468.37741777301
3.81E-4                   1.18E-4                  8.099999999999999E-5     5.725901573917117        2.89975222090332         2.506084696123594        4.8472618981927986E-4    -201085.3939594794
3.8199999999999996E-4     1.18E-4                  8.099999999999999E-5     5.777720869107355        2.72603237662409         2.7806586163968774       4.789907665931326E-4     281694.16668882966
3.83E-4                   1.18E-4                  8.099999999999999E-5     6.041372688551023        2.669050347112872        2.807695172270698        4.7308529616193665E-4    284509.4705996625
3.84E-4                   1.18E-4                  8.099999999999999E-5     6.312379452939609        2.5318103744348903       2.8407949648290325       4.6690298908764414E-4    233533.61921352148
3.85E-4                   1.18E-4                  8.099999999999999E-5     6.8859298445036075       2.396538146380614        2.5323475530300357       4.602283456219922E-4     347999.07077777386
3.86E-4                   1.18E-4                  8.099999999999999E-5     7.332558504510736        2.202437238537158        2.0962500348551387       4.5314865655305027E-4    571034.6556192338
3.87E-4                   1.18E-4                  8.099999999999999E-5     7.469888283735905        2.0690680033576356       1.1516702864007158       4.4566694443059547E-4    -223097.6041168943
3.88E-4                   1.18E-4                  8.099999999999999E-5     7.246790679619039        1.870140908168736        0.38513186925467835      4.383086049489177E-4     -223097.6041168943
3.8899999999999997E-4     1.18E-4                  8.099999999999999E-5     6.559410685159307        1.6298050575439333       -0.3325700274498189      4.313342903487708E-4     -628755.2081744224
3.9E-4                    1.18E-4                  8.099999999999999E-5     5.8560137182423375       1.4887457413341494       -0.5316437164680679      4.251008718191507E-4     -848432.1924241781
3.9099999999999996E-4     1.18E-4                  8.099999999999999E-5     5.221756379155835        1.33738097079689         -0.5533473782974241      4.195918253500154E-4     -430765.71914610267
3.92E-4                   1.18E-4                  8.099999999999999E-5     4.788467461443773        1.1489324807194237       -0.2792507859376343      4.145970333209473E-4     -431856.95617480576
3.9299999999999996E-4     1.18E-4                  8.099999999999999E-5     4.480282987821925        0.9404751385754011       -0.057438435700703394    4.0999938885436806E-4    -155023.27313618083
3.94E-4                   1.18E-4                  8.099999999999999E-5     4.412723424489755        0.7636930555118404       0.20082390332299838      4.055661756433788E-4     79423.36914560199
3.95E-4                   1.18E-4                  8.099999999999999E-5     4.492146793635058        0.5332180275635494       0.4622358434121523       4.011137405343161E-4     79423.36914560199
3.96E-4                   1.18E-4                  8.099999999999999E-5     4.733429077038593        0.40110781188605316      0.6604711923588376       3.9649226886740097E-4    222405.86314296722
3.97E-4                   1.18E-4                  8.099999999999999E-5     5.103672755569804        0.35116403902519266      0.802400284656926        3.915898958762253E-4     331999.1998252999
3.9799999999999997E-4     1.18E-4                  8.099999999999999E-5     5.445353525067819        0.4492591449015606       1.0682696048523894       3.863269148634114E-4     565388.4473330243
3.99E-4                   1.18E-4                  8.099999999999999E-5     5.929930095153225        0.6346615895877221       1.0975776556396966       3.8056786498716295E-4    323086.20428192616
3.9999999999999996E-4     1.18E-4                  8.099999999999999E-5     6.125210589516904        1.1195713768357916       1.2398801861361406       3.744863312215699E-4     64473.36359500885
4.01E-4                   1.18E-4                  8.099999999999999E-5     6.247058445557357        1.5577358190236623       1.424235571962896        3.68315275093013E-4      151389.84686817974
4.0199999999999996E-4     1.18E-4                  8.099999999999999E-5     6.076293756974771        2.0847089929816605       1.5802461996565853       3.6213051204688255E-4    -76925.41082051769
4.03E-4                   1.18E-4                  8.099999999999999E-5     5.812933857405952        2.36625483669933         1.6834274048966194       3.5616143518743494E-4    -361695.2580330968
4.04E-4                   1.18E-4                  8.099999999999999E-5     5.541351090999065        2.551216702624828        1.8787515811931925       3.505103237049272E-4     -197826.09005127847
4.05E-4                   1.18E-4                  8.099999999999999E-5     5.282648276733788        2.5357377004144244       2.007297161214135        3.4511311844349956E-4    -228198.7819069177
4.06E-4                   1.18E-4                  8.099999999999999E-5     5.145331446521592        2.4921870358691507       2.1468735007055955       3.399390909421802E-4     78479.00935954474
4.0699999999999997E-4     1.18E-4                  8.099999999999999E-5     5.223810455881097        2.414266354015041        2.3994037125310825       3.3475451999097903E-4    78479.00935954474
4.08E-4                   1.18E-4                  8.099999999999999E-5     5.37416899985724         2.303039243663086        2.5091756696069663       3.2948638382462235E-4    225976.23212960362
4.0899999999999997E-4     1.18E-4                  8.099999999999999E-5     5.673045523061331        2.1298840932228273       2.506220315607991        3.2395063858702477E-4    602765.821566714
4.1E-4                    1.18E-4                  8.099999999999999E-5     6.25604608076555         2.0409123700445235       2.308035812275172        3.1797671603954724E-4    269419.7046537101
4.1099999999999996E-4     1.18E-4                  8.099999999999999E-5     6.663703828613038        1.9714617606868003       1.7878192151775494       3.115769080134338E-4     -37728.45161744207
4.12E-4                   1.18E-4                  8.099999999999999E-5     6.680284924150676        1.7599313648880965       1.1545485675238272       3.049394789745737E-4     220739.53410053253
4.1299999999999996E-4     1.18E-4                  8.099999999999999E-5     6.561318521365337        1.6194474816574456       0.21643615490503976      2.982018742166231E-4     -517511.14837670326
4.14E-4                   1.18E-4                  8.099999999999999E-5     5.966735237161623        1.3512555538762072       -0.2676705572117015      2.91992439243995E-4      -573782.6069029275
4.15E-4                   1.18E-4                  8.099999999999999E-5     5.290551923685911        1.229472627651024        -0.5691808791434241      2.8633256899933407E-4    -477556.87422275543
4.16E-4                   1.18E-4                  8.099999999999999E-5     4.75247149620131         1.1055650401292212       -0.48974590681189056     2.8128261739203625E-4    -561312.6231659311
4.17E-4                   1.18E-4                  8.099999999999999E-5     4.353782824718365        0.9126861455173163       -0.3317244950062559      2.767825039275142E-4     -234086.97456681728
4.1799999999999997E-4     1.18E-4                  8.099999999999999E-5     4.114530076921515        0.740473506940063        -0.1419275093676191      2.7255655299399296E-4    -187259.78512965515
4.19E-4                   1.18E-4                  8.099999999999999E-5     3.9272702917919          0.5884353335829484       0.08196017120328669      2.685356528096362E-4     -187259.78512965515
4.1999999999999996E-4     1.18E-4                  8.099999999999999E-5     4.138023991413586        0.3480880422566415       0.28286379382406324      2.645087462001051E-4     311533.37599160895
4.21E-4                   1.18E-4                  8.099999999999999E-5     4.308612578032946        0.2824860638456652       0.45184157634060185      2.60300490320643E-4      223330.20704488456
4.2199999999999996E-4     1.18E-4                  8.099999999999999E-5     4.601324052338988        0.21380094985341014      0.649138002005273        2.5587012070448146E-4    439023.88931038976
4.23E-4                   1.18E-4                  8.099999999999999E-5     5.052258278188809        0.23546424236984365      0.793599111833895        2.5104682068722596E-4    450802.64868697524
4.24E-4                   1.18E-4                  8.099999999999999E-5     5.327749556887417        0.5387441248079838       0.9203543844987436       2.458647370750015E-4     319077.0811247248
4.25E-4                   1.18E-4                  8.099999999999999E-5     5.646826638012083        0.9104524702663213       1.0518381064348006       2.4037744897755197E-4    319077.0811247248
4.26E-4                   1.18E-4                  8.099999999999999E-5     5.607517328475964        1.3655864717288926       1.205429688552858        2.3472612243500722E-4    -96204.06141659617
4.2699999999999997E-4     1.18E-4                  8.099999999999999E-5     5.469054087723094        1.7614158507194961       1.3791297332564767       2.2915622536893296E-4    -78231.57205468416
4.28E-4                   1.18E-4                  8.099999999999999E-5     5.222493943972246        2.0139938605884566       1.4586273791998803       2.2380334038672034E-4    -280174.1042934265
4.2899999999999997E-4     1.18E-4                  8.099999999999999E-5     4.999970302656191        2.1775397478062075       1.5939645905189366       2.1872042298672967E-4    -145959.87754650158
4.3E-4                    1.18E-4                  8.099999999999999E-5     4.776454484195824        2.206752771971935        1.7791668944475916       2.1386847651364477E-4    -155428.2601069808
4.3099999999999996E-4     1.18E-4                  8.099999999999999E-5     4.62102622408883         2.1385812281736243       1.9251715404235004       2.0916973615950265E-4    -155428.2601069808
4.32E-4                   1.18E-4                  8.099999999999999E-5     4.658337075643878        2.110190402807685        2.0736200638397655       2.045604475173828E-4     247576.39791339636
4.3299999999999995E-4     1.18E-4                  8.099999999999999E-5     4.825185816038311        1.997294911805163        2.1952165672201254       1.9979823650161284E-4    92352.15614655707
4.34E-4                   1.18E-4                  8.099999999999999E-5     5.174407621328046        1.855640213566554        2.1566712370410133       1.9484906396234045E-4    515255.7798198238
4.35E-4                   1.18E-4                  8.099999999999999E-5     5.611488853618027        1.767541253660334        1.9303829070179646       1.8943281025654752E-4    290165.14935706556
4.3599999999999997E-4     1.18E-4                  8.099999999999999E-5     5.930847090535799        1.5990426813194318       1.309266194373226        1.8366144273544423E-4    318945.05922436714
4.37E-4                   1.18E-4                  8.099999999999999E-5     5.8516943769734695       1.5125719832101794       0.8986383666595543       1.776086598058452E-4     317911.83687116206
4.3799999999999997E-4     1.18E-4                  8.099999999999999E-5     5.892808806264128        1.3288646147125482       0.1578344486648381       1.7157834783251483E-4    -334992.51858653873
4.39E-4                   1.18E-4                  8.099999999999999E-5     5.482851417558766        1.1713552784116197       -0.3212485983241109      1.6584768652327814E-4    -668364.2169975042
4.3999999999999996E-4     1.18E-4                  8.099999999999999E-5     4.814487200561189        1.0563768858591085       -0.5820580167824687      1.606990172142183E-4     -668364.2169975042
4.41E-4                   1.18E-4                  8.099999999999999E-5     4.363782893570903        0.89529768336961         -0.5914153853762878      1.5614551092097694E-4    -352423.7851231769
4.4199999999999996E-4     1.18E-4                  8.099999999999999E-5     3.968104030600058        0.7545493695142962       -0.40867018461489835     1.519893595257289E-4     -314872.66856485605
4.43E-4                   1.18E-4                  8.099999999999999E-5     3.7634421317852933       0.6164550252837312       -0.19627599014980923     1.481350167552238E-4     -185114.1406339258
4.44E-4                   1.18E-4                  8.099999999999999E-5     3.616915292576335        0.4515254545184142       0.02849644613880775      1.444649750018237E-4     181782.27445928007
4.45E-4                   1.18E-4                  8.099999999999999E-5     3.7986975670356076       0.27038789845695277      0.18836890480144453      1.4075716857201787E-4    181782.27445928007
4.46E-4                   1.18E-4                  8.099999999999999E-5     3.9804798414948763       0.08925034239557306      0.3482413634641013       1.3686757986775255E-4    181782.27445928007
4.4699999999999997E-4     1.18E-4                  8.099999999999999E-5     4.291093598040732        0.06436490835848474      0.4436982444695161       1.3278335942025005E-4    280280.8953210132
4.48E-4                   1.18E-4                  8.099999999999999E-5     4.5934144366538945       0.22261328075577325      0.6294483008827285       1.2834934561736645E-4    330679.84814039804
4.4899999999999996E-4     1.18E-4                  8.099999999999999E-5     4.869542825860048        0.39494206455969305      0.7374127456684478       1.236036096832542E-4     524816.4361886978
4.5E-4                    1.18E-4                  8.099999999999999E-5     5.089049459949672        0.8601341047179432       0.8766313907274501       1.1857128764865525E-4    151016.03985963762
4.5099999999999996E-4     1.18E-4                  8.099999999999999E-5     5.137462185363503        1.2227285891014548       0.9961880728384098       1.1345418130783111E-4    -1632.510857373476
4.52E-4                   1.18E-4                  8.099999999999999E-5     5.031969374415882        1.5290283992159885       1.14069012161535         1.083458320979653E-4     -174110.42377849575
4.53E-4                   1.18E-4                  8.099999999999999E-5     4.766844093279909        1.8314890042759555       1.2266008480566484       1.0345005301651183E-4    -228914.99655651872
4.54E-4                   1.18E-4                  8.099999999999999E-5     4.5042982235276705       1.9762565194596895       1.367276468495291        9.8783170781024E-5       -166933.11827155203
4.55E-4                   1.18E-4                  8.099999999999999E-5     4.340973039312497        2.0082245806773056       1.5260801285332661       9.436211287905746E-5     -138916.60985240625
4.5599999999999997E-4     1.18E-4                  8.099999999999999E-5     4.26138562267003         1.9397343390917534       1.6886430985124181       9.006619872382902E-5     -72644.96338184923
4.57E-4                   1.18E-4                  8.099999999999999E-5     4.289341552799278        1.8940881329760293       1.7940981355143126       8.582374654368868E-5     161689.9596467167
4.5799999999999997E-4     1.18E-4                  8.099999999999999E-5     4.430809466697253        1.8001491452638452       1.9179445370650434       8.146209236219878E-5     173541.00582377333
4.59E-4                   1.18E-4                  8.099999999999999E-5     4.7245932611724          1.7022665813244213       1.9674777503568897       7.686353941016088E-5     372754.89214820415
4.5999999999999996E-4     1.18E-4                  8.099999999999999E-5     5.147653206957539        1.6245745695868674       1.8015721978940533       7.19122188630192E-5      511906.4785531759
4.61E-4                   1.18E-4                  8.099999999999999E-5     5.4237877619026875       1.5269241620353906       1.3431144992594035       6.652986338213526E-5     140470.6712205708
4.6199999999999995E-4     1.18E-4                  8.099999999999999E-5     5.644104747937348        1.455051636493316        0.8901266724328849       6.089917269522862E-5     202457.30112443306
4.63E-4                   1.18E-4                  8.099999999999999E-5     5.512970953494505        1.3326775716476646       0.06984452022182186      5.522631879111746E-5     -607792.1933036633
4.64E-4                   1.18E-4                  8.099999999999999E-5     5.197758684014284        1.2502910111396202       -0.3560648923364014      4.983942969604461E-5     -716499.4097644798
4.6499999999999997E-4     1.18E-4                  8.099999999999999E-5     4.481259274249844        1.169201206307346        -0.6209834889666555      4.499992071691269E-5     -716499.4097644798
4.66E-4                   1.18E-4                  8.099999999999999E-5     4.04154913843662         1.1180210975459497       -0.5890451643045633      4.066326970175744E-5     -325966.7174545601
4.6699999999999997E-4     1.18E-4                  8.099999999999999E-5     3.7224548538795763       1.0763063396438812       -0.4310058981460214      3.6794689748403596E-5    -277520.23321923614
4.68E-4                   1.18E-4                  8.099999999999999E-5     3.444934620660341        1.0568099753399682       -0.29627926406922356     3.3210995011133534E-5    -277520.23321923614
4.6899999999999996E-4     1.18E-4                  8.099999999999999E-5     3.263361821757478        0.9974659717870589       -0.07926308499244694     2.987439067785071E-5     -80344.40196225938
4.7E-4                    1.18E-4                  8.099999999999999E-5     3.1830174197952097       0.9503676588254545       0.084456215949543        2.6651201057074282E-5    -80344.40196225938
4.7099999999999996E-4     1.18E-4                  8.099999999999999E-5     3.096012942426759        0.9087531180648839       0.24464894587302277      2.3508538097413716E-5    -38443.608089877234
4.72E-4                   1.18E-4                  8.099999999999999E-5     3.0564367088847804       0.8546729924586058       0.36788340563458544      2.043616907409322E-5     -21877.312484815717
4.73E-4                   1.18E-4                  8.099999999999999E-5     3.0102317155029565       0.7992772106502042       0.45593464147927865      1.739970695579465E-5     -54615.27808920108
4.74E-4                   1.18E-4                  8.099999999999999E-5     2.981824720426123        0.7569980452000005       0.5388305324480136       1.4405601208070183E-5    -134475.46449781442
4.75E-4                   1.18E-4                  8.099999999999999E-5     2.9094983715784153       0.7116734165905649       0.554414214653844        1.1473846160184865E-5    -31122.157429042672
4.7599999999999997E-4     1.18E-4                  8.099999999999999E-5     2.8268577014541973       0.6770249841521226       0.5532986851206644       8.594893238667097E-6     -45059.23932861001
4.77E-4                   1.18E-4                  8.099999999999999E-5     2.792872350300306        0.6863756021127765       0.5355989044604715       5.78996889247543E-6      -7371.163889232092
4.7799999999999996E-4     1.18E-4                  8.099999999999999E-5     2.785521092547125        0.6865581771084139       0.49949377663566685      3.000775485309535E-6     -7331.392765496508
4.79E-4                   1.18E-4                  8.099999999999999E-5     2.7825803772006323       0.6861960389485926       0.471069684866777        2.148811623462811E-7     -13341.42848422227
4.7999999999999996E-4     1.18E-4                  8.099999999999999E-5     NaN                      NaN                      NaN                      NaN                      NaN
4.81E-4                   1.18E-4                  8.099999999999999E-5     NaN                      NaN                      NaN                      NaN                      NaN
4.8199999999999995E-4     1.18E-4                  8.099999999999999E-5     NaN                      NaN                      NaN                      NaN                      NaN
4.83E-4                   1.18E-4                  8.099999999999999E-5     NaN                      NaN                      NaN                      NaN                      NaN
4.84E-4                   1.18E-4                  8.099999999999999E-5     NaN                      NaN                      NaN                      NaN                      NaN
4.8499999999999997E-4     1.18E-4                  8.099999999999999E-5     NaN                      NaN                      NaN                      NaN                      NaN
4.86E-4                   1.18E-4                  8.099999999999999E-5     NaN                      NaN                      NaN                      NaN                      NaN
4.8699999999999997E-4     1.18E-4                  8.099999999999999E-5     NaN                      NaN                      NaN                      NaN                      NaN
4.88E-4                   1.18E-4                  8.099999999999999E-5     NaN                      NaN                      NaN                      NaN                      NaN
4.89E-4                   1.18E-4                  8.099999999999999E-5     NaN                      NaN                      NaN                      NaN                      NaN
4.9E-4                    1.18E-4                  8.099999999999999E-5     NaN                      NaN                      NaN                      NaN                      NaN
4.91E-4                   1.18E-4                  8.099999999999999E-5     NaN                      NaN                      NaN                      NaN                      NaN
4.919999999999999E-4      1.18E-4                  8.099999999999999E-5     NaN                      NaN                      NaN                      NaN                      NaN
4.93E-4                   1.18E-4                  8.099999999999999E-5     NaN                      NaN                      NaN                      NaN                      NaN
4.94E-4                   1.18E-4                  8.099999999999999E-5     NaN                      NaN                      NaN                      NaN                      NaN
4.95E-4                   1.18E-4                  8.099999999999999E-5     NaN                      NaN                      NaN                      NaN                      NaN
4.96E-4                   1.18E-4                  8.099999999999999E-5     NaN                      NaN                      NaN                      NaN                      NaN
4.969999999999999E-4      1.18E-4                  8.099999999999999E-5     NaN                      NaN                      NaN                      NaN                      NaN
4.98E-4                   1.18E-4                  8.099999999999999E-5     NaN                      NaN                      NaN                      NaN                      NaN
4.99E-4                   1.18E-4                  8.099999999999999E-5     NaN                      NaN                      NaN                      NaN                      NaN
5.0E-4                    1.18E-4                  8.099999999999999E-5     NaN                      NaN                      NaN                      NaN                      NaN
